complete
16
15
13
12
11
8
2
yep
30by 51bx
complete
38
37
36
34
32
30
26
25
24
23
22
yep
52by 64bx
complete
26
25
24
22
20
19
18
16
15
12
10
8
2
yep
27by 49bx
complete
39
34
33
32
26
24
23
22
21
20
19
18
yep
52by 58bx
complete
42
39
37
26
25
24
23
22
20
18
16
13
yep
54by 52bx
complete
18
15
12
11
10
9
8
7
5
2
yep
33by 50bx
complete
46
44
42
41
39
38
37
35
34
31
29
27
26
22
21
18
17
14
13
11
yep
54by 51bx
complete
26
25
21
20
16
13
12
11
10
1
0
yep
38by 51bx
complete
43
41
40
39
38
31
29
28
25
24
21
20
17
yep
55by 53bx
complete
26
25
24
23
21
20
18
17
16
12
10
5
4
yep
37by 52bx
bottom_left
bottom_left
bottom_left
bottom_left
bottom_left
bottom_left
bottom_left
bottom_left
bottom_left
bottom_left
complete
83
77
73
72
70
68
67
65
64
62
61
59
58
57
56
54
53
52
51
50
48
47
46
45
42
41
39
38
37
35
34
32
27
26
23
22
21
19
18
17
15
13
yep
66by 53bx
complete
50
49
48
44
43
42
40
38
36
35
33
31
30
29
28
27
23
19
18
16
14
11
10
7
2
1
yep
41by 62bx
complete
90
89
87
84
83
81
80
78
75
73
69
68
63
61
59
57
56
52
51
49
47
44
43
41
40
39
38
37
35
34
33
31
27
23
20
19
18
16
12
10
yep
67by 50bx
complete
56
55
54
50
49
48
46
43
38
36
33
31
30
28
23
19
16
14
11
7
5
4
yep
44by 60bx
complete
85
84
79
78
75
73
71
70
68
66
65
64
62
58
57
56
54
53
51
49
48
46
42
41
40
39
38
36
32
31
29
28
27
26
23
22
20
17
16
15
12
11
8
6
4
yep
73by 51bx
complete
64
58
54
53
51
49
48
46
44
42
41
39
38
37
34
33
30
29
27
25
20
19
18
17
15
13
11
8
yep
42by 56bx
complete
82
76
72
71
69
67
66
64
63
61
60
58
57
56
55
54
53
52
51
42
41
40
37
33
28
27
26
24
17
16
15
14
yep
74by 60bx
complete
54
53
52
48
47
46
44
42
40
39
37
35
34
33
32
31
27
23
22
20
18
15
14
11
6
4
2
1
yep
43by 61bx
complete
85
83
79
77
75
74
70
69
65
64
60
59
57
56
55
53
52
50
49
39
37
33
29
26
25
20
17
11
9
8
yep
78by 59bx
complete
49
48
43
42
39
37
35
34
32
30
29
26
22
21
18
17
15
13
12
10
8
2
1
yep
42by 60bx
complete
93
92
91
87
86
85
83
81
79
78
76
74
73
72
71
70
66
62
61
59
57
54
53
50
45
43
41
40
39
38
37
36
34
33
32
30
29
28
26
25
24
23
21
18
17
16
14
13
11
10
9
yep
77by 55bx
complete
55
54
53
52
51
50
48
47
46
45
44
39
34
32
31
30
29
28
24
20
17
15
12
11
8
7
6
5
yep
44by 63bx
complete
95
94
89
88
85
83
81
80
78
76
75
72
68
67
64
63
61
59
58
56
52
49
48
43
42
41
39
38
37
36
32
31
28
27
26
24
20
16
15
12
11
10
yep
80by 56bx
complete
101
95
91
90
88
86
85
83
80
77
76
75
74
72
71
70
66
59
57
56
55
54
49
48
47
46
45
43
41
40
38
37
35
30
29
28
26
23
20
18
16
14
13
yep
76by 58bx
complete
102
101
100
99
96
95
94
93
92
89
84
82
81
80
79
78
74
70
67
65
62
61
58
53
51
50
49
48
46
45
44
41
40
38
37
36
34
33
32
30
28
25
24
23
22
21
18
16
15
13
12
yep
78by 57bx
complete
92
86
82
81
79
77
76
74
73
71
70
68
67
66
65
64
63
62
61
60
59
57
56
55
54
51
50
46
43
38
36
34
33
32
31
29
25
21
18
15
14
13
11
10
7
yep
80by 62bx
complete
111
110
109
105
104
103
101
99
97
96
94
92
91
90
89
88
84
80
79
77
75
72
71
68
63
61
59
58
56
52
50
48
46
42
40
39
37
35
33
32
30
29
28
26
25
22
20
yep
76by 56bx
complete
116
115
114
113
112
111
109
108
107
103
98
94
92
91
90
84
80
77
75
72
71
67
65
60
59
58
55
54
52
51
49
48
47
46
44
40
39
38
37
36
35
34
33
32
30
28
27
26
23
22
yep
71by 61bx
complete
102
100
96
94
92
91
87
86
82
81
77
76
74
73
72
70
69
65
62
60
57
56
55
53
48
45
44
42
40
38
35
31
30
29
25
23
22
19
16
15
14
11
9
8
yep
84by 65bx
up_right 0 0
up_right 0 0
up_right 0 0
up_right 0 0
up_right 0 0
up_right 0 0
up_right 0 0
up_right 0 0
up_right 0 0
up_right 0 0
up_right 0 0
up_right 0 0
up_right 0 0
up_right 0 0
up_right 0 0
up_right 0 0
bottom right
bottom right
bottom right
bottom right
bottom right
bottom right
bottom right
bottom right
complete
133
132
131
130
128
126
125
124
123
121
120
119
118
116
115
111
110
104
103
101
100
99
98
96
95
94
92
87
86
81
80
79
74
69
68
51
50
49
47
46
45
44
43
41
40
39
37
36
35
34
33
31
yep
78by 63bx
complete
126
119
118
117
116
115
114
112
111
108
106
104
103
101
99
98
97
95
91
90
89
87
86
84
82
81
79
75
70
68
67
66
65
63
59
56
55
54
51
49
48
47
44
42
40
39
38
37
34
33
32
31
29
28
24
23
21
yep
77by 72bx
bottom right
bottom right
bottom right
complete
140
139
131
130
129
128
127
125
124
121
119
117
116
114
112
111
110
108
104
103
102
100
99
97
95
94
92
88
83
81
80
79
78
76
72
62
60
59
57
52
51
50
49
48
47
46
45
44
42
41
36
34
33
32
yep
73by 69bx
complete
122
121
120
119
118
117
116
115
114
110
106
105
103
101
100
98
97
95
94
92
91
90
89
88
87
86
85
84
83
81
80
79
78
75
74
72
71
70
69
67
66
64
62
60
59
58
41
40
39
38
34
32
30
28
26
20
17
15
yep
81by 77bx
complete
130
129
128
127
126
125
124
123
122
118
114
113
111
109
108
106
105
103
102
100
99
98
97
96
95
94
93
92
91
89
88
87
86
83
82
80
79
78
77
75
74
72
70
68
67
66
59
56
54
52
50
49
48
47
46
44
43
42
41
40
39
28
25
24
22
yep
80by 75bx
complete
135
134
133
132
131
130
129
128
126
123
121
119
118
114
113
109
108
107
104
103
101
100
99
97
96
95
92
91
89
87
84
83
82
78
77
72
71
54
52
51
50
49
48
44
42
41
40
39
38
37
36
35
33
32
31
30
29
28
27
26
25
yep
79by 68bx
complete
122
121
117
116
115
114
113
108
107
104
103
102
101
99
98
97
96
95
94
92
91
90
89
88
87
86
85
84
82
81
80
79
78
77
76
75
74
73
72
71
70
69
68
67
66
65
62
61
60
59
58
57
56
55
54
53
51
50
49
47
46
44
43
42
41
40
39
38
37
36
35
34
33
32
31
30
29
18
17
16
15
14
13
12
11
yep
83by 71bx
complete
131
127
126
124
123
122
121
120
119
118
117
116
112
107
105
104
103
102
97
96
95
93
92
91
90
89
87
86
85
83
81
76
71
65
50
49
48
47
46
45
44
43
42
40
39
38
37
36
29
28
27
26
25
24
22
yep
69by 75bx
complete
112
111
110
109
108
107
106
104
101
100
99
98
97
94
89
87
86
85
84
83
79
75
72
70
67
66
63
58
56
55
54
53
52
51
49
48
47
46
45
43
41
40
39
38
37
36
35
33
31
30
29
28
27
26
25
24
23
21
20
17
16
15
11
yep
84by 66bx
complete
124
123
122
121
120
119
118
117
116
112
108
107
105
103
102
100
99
97
96
94
93
92
91
90
89
88
87
86
85
83
82
81
80
77
76
74
73
72
71
69
68
66
64
62
61
60
43
42
41
40
36
33
30
27
26
25
24
22
20
19
18
17
16
yep
82by 81bx
complete
124
120
119
118
117
116
115
114
113
111
110
107
105
103
102
100
98
97
96
94
90
89
88
86
85
83
81
80
78
74
69
67
66
65
64
62
58
54
53
51
50
49
47
46
45
43
41
39
38
37
36
34
33
32
31
30
21
20
19
17
13
12
11
yep
83by 79bx
complete
192
186
185
184
183
182
181
179
178
177
176
175
172
167
165
163
162
161
157
156
153
150
148
145
144
141
136
134
133
132
131
129
125
110
109
108
107
106
105
104
103
101
100
99
98
97
96
95
93
92
90
89
86
85
84
83
yep
66by 27bx
complete
149
143
142
141
140
139
137
136
135
130
125
122
120
119
118
115
112
111
108
105
103
100
94
91
86
83
68
67
66
64
63
62
61
60
59
57
56
54
53
52
51
48
47
46
45
43
42
41
yep
72by 67bx
complete
123
122
120
119
118
117
116
115
114
113
110
106
105
103
101
100
98
97
96
94
92
91
90
89
88
87
86
85
83
81
80
78
75
74
72
71
70
69
67
66
64
62
60
59
58
41
40
39
38
37
36
33
31
29
20
18
17
15
14
11
10
yep
78by 81bx
complete
128
124
123
122
121
120
115
114
111
110
109
108
106
105
104
103
102
101
99
98
97
96
95
94
93
92
91
89
88
87
86
85
84
83
82
81
80
79
78
77
76
75
74
73
72
69
68
67
66
65
64
63
62
61
60
58
57
56
55
54
53
52
51
50
49
48
47
46
45
44
43
42
41
40
39
38
37
36
25
24
23
yep
72by 74bx
complete
145
136
135
134
133
131
127
126
124
122
121
119
114
112
111
110
108
106
97
95
93
92
91
90
88
85
83
81
80
79
62
61
59
57
56
55
54
52
49
47
41
40
37
35
34
yep
73by 75bx
complete
146
145
144
143
142
141
140
139
138
134
130
129
127
125
124
122
121
119
118
116
115
114
113
112
111
110
109
108
107
105
104
103
102
99
98
96
95
94
93
91
90
88
86
84
83
82
71
68
67
65
64
62
60
59
58
57
56
42
40
39
38
35
34
yep
69by 80bx
complete
119
118
117
116
115
114
113
111
108
107
106
105
104
101
96
94
93
92
91
90
86
82
79
77
74
73
70
65
63
62
61
60
58
54
39
38
37
36
35
34
33
32
31
29
28
27
26
25
16
15
14
12
11
10
9
yep
81by 80bx
complete
148
142
141
140
139
138
137
136
135
134
133
128
123
121
120
117
113
112
109
108
106
104
103
101
97
92
90
88
87
85
81
67
66
65
64
63
62
61
56
55
54
49
46
45
43
42
41
39
yep
77by 72bx
complete
129
128
124
123
122
121
119
116
114
112
111
107
106
102
101
97
96
94
93
92
90
89
85
84
82
80
77
76
75
71
70
65
64
47
45
44
43
42
41
37
35
34
33
32
31
30
29
28
27
26
25
24
23
22
21
17
yep
77by 81bx
complete
146
139
138
137
136
135
134
132
130
128
127
123
122
118
117
113
112
110
109
108
106
101
98
96
93
92
91
87
86
81
80
65
64
63
59
57
56
55
54
53
52
40
39
38
37
35
34
33
31
yep
68by 82bx
complete
135
131
130
129
128
126
123
122
121
120
119
116
111
109
108
107
106
105
101
97
94
92
89
88
85
80
78
77
76
75
73
69
54
53
52
51
50
49
48
47
45
44
43
42
41
40
39
37
36
35
33
31
30
29
25
24
23
22
20
yep
73by 79bx
complete
126
121
120
119
118
117
115
114
113
112
107
102
98
97
92
90
88
86
85
81
80
78
76
71
66
60
53
50
49
48
47
44
43
39
36
35
34
20
18
15
yep
72by 70bx
complete
137
130
129
128
127
126
125
123
122
119
117
115
114
112
110
109
108
107
106
102
101
100
98
97
95
93
92
90
86
81
79
78
77
76
74
70
54
53
46
44
43
38
37
36
34
33
30
25
24
22
20
yep
69by 86bx
complete
138
137
132
131
130
129
128
127
125
123
121
120
119
118
115
114
113
111
110
108
107
104
103
102
100
99
98
97
96
94
93
92
91
88
87
83
82
80
77
75
72
71
56
54
52
50
48
46
44
42
26
25
23
yep
75by 91bx
complete
115
114
113
112
110
106
105
104
102
100
98
97
95
93
92
91
90
89
85
81
80
78
76
73
72
69
64
62
60
59
57
53
45
44
42
41
40
38
36
35
34
33
32
31
30
17
14
12
9
yep
75by 85bx
complete
146
138
137
136
135
134
133
132
130
128
127
123
122
116
115
114
113
112
110
108
107
104
99
93
92
91
86
81
80
63
58
57
55
53
51
35
34
32
31
yep
67by 86bx
complete
126
125
124
123
122
121
119
115
114
113
111
109
107
106
104
102
101
100
99
98
94
90
89
87
85
82
81
78
73
71
69
68
66
62
46
45
44
43
42
41
40
38
36
35
34
33
32
31
30
29
28
26
25
24
23
22
20
19
18
16
15
14
13
12
11
10
9
yep
76by 89bx
complete
93
92
91
90
89
88
87
86
85
81
77
76
74
72
71
69
68
66
65
63
62
61
60
59
58
57
56
55
54
53
52
50
49
48
47
45
43
41
37
33
31
30
29
28
24
21
18
17
16
14
12
11
9
8
yep
79by 63bx
complete
118
117
116
115
114
113
112
111
110
106
102
101
99
97
96
94
93
91
90
88
87
86
85
84
83
82
81
80
79
77
76
75
74
71
70
68
67
66
65
63
62
60
58
56
55
54
37
36
35
34
30
27
24
23
21
20
18
16
11
7
5
4
2
yep
76by 94bx
complete
137
128
127
126
125
124
122
121
119
118
116
113
111
107
101
99
97
95
94
90
89
87
85
80
75
69
53
52
50
49
48
47
46
43
42
40
39
38
37
36
34
33
31
29
27
26
24
23
22
21
20
18
yep
70by 86bx
complete
136
135
127
126
125
124
120
118
117
116
115
112
111
110
108
105
101
100
99
97
96
95
91
84
80
79
77
74
72
69
68
53
51
48
47
46
45
43
41
38
37
36
35
34
32
29
28
26
22
20
18
yep
67by 92bx
complete
140
135
134
133
132
131
130
128
127
126
124
121
116
114
113
110
106
105
102
101
99
97
96
94
90
85
83
81
80
78
74
59
58
57
56
54
53
50
49
48
47
46
45
43
42
40
39
31
29
28
26
19
yep
78by 92bx
complete
139
138
137
136
135
134
133
132
130
128
127
126
125
120
115
113
112
111
110
109
105
101
98
96
93
92
89
84
82
81
80
79
77
73
59
58
57
56
55
54
53
52
51
48
47
46
45
44
43
41
40
39
38
37
36
29
28
27
26
21
20
yep
78by 84bx
complete
98
90
89
88
87
86
85
83
81
80
76
75
71
70
69
68
66
65
63
62
59
58
57
55
47
44
41
37
34
33
31
30
29
28
25
22
21
18
16
15
14
10
8
yep
82by 58bx
complete
144
137
136
135
134
133
132
130
128
126
125
121
120
116
115
111
110
108
107
106
104
99
96
94
91
90
89
85
84
79
78
61
59
51
49
45
44
43
42
41
40
39
38
37
36
35
31
30
29
yep
65by 90bx
complete
118
117
116
115
114
113
112
111
110
106
102
101
99
97
96
94
93
91
90
88
87
86
85
84
83
82
81
80
79
77
76
75
74
71
70
68
67
66
65
63
62
60
58
56
55
54
51
49
48
47
45
42
41
40
38
37
35
34
32
31
30
28
26
21
20
16
14
13
12
11
9
8
yep
79by 83bx
complete
124
123
121
120
119
118
117
116
115
114
111
107
106
104
102
101
99
98
97
95
93
92
91
90
89
88
87
86
84
82
81
79
76
75
73
72
71
70
68
67
65
63
61
60
59
42
41
40
39
38
35
32
26
25
23
22
21
19
18
16
12
10
9
5
4
yep
72by 96bx
complete
150
142
141
140
139
135
131
130
128
126
125
123
122
120
119
117
116
115
114
111
110
109
108
106
105
104
103
100
99
97
96
95
94
92
91
89
87
85
84
83
66
59
56
50
49
48
47
46
43
42
36
yep
61by 90bx
complete
140
139
132
131
130
129
128
126
122
121
119
117
116
114
111
110
108
107
106
105
103
101
97
90
88
87
86
85
83
80
78
76
75
74
57
54
47
44
43
42
41
40
39
38
37
36
35
34
32
31
29
28
yep
63by 94bx
complete
149
141
140
139
138
137
135
134
133
131
129
127
126
124
122
120
119
118
114
112
110
107
105
102
101
98
93
91
89
88
86
82
66
65
64
58
56
55
54
50
49
46
45
42
41
38
37
yep
66by 85bx
complete
138
137
133
132
131
130
129
128
127
124
120
119
117
115
114
112
111
110
109
108
106
105
104
103
102
100
99
97
95
94
92
89
88
86
85
84
83
81
80
78
76
74
73
72
55
54
53
52
51
50
48
45
44
41
39
38
37
36
34
32
30
29
25
yep
60by 91bx
complete
147
136
135
134
133
132
128
127
125
123
122
120
119
114
113
112
111
110
106
105
103
100
96
94
93
92
91
89
88
86
84
82
81
80
63
59
57
56
55
53
51
47
46
45
44
42
41
38
37
36
35
yep
64by 83bx
complete
128
127
121
120
119
118
117
116
115
113
112
111
110
107
106
105
102
100
99
95
92
91
88
87
85
83
82
80
75
74
71
66
63
50
47
42
40
38
33
29
24
23
22
19
18
yep
72by 81bx
complete
141
140
139
138
137
136
135
134
133
129
125
124
122
120
119
117
116
114
113
111
110
109
108
107
106
105
104
103
102
100
99
98
97
94
93
91
90
89
88
86
85
83
81
79
78
77
60
59
58
57
53
50
47
46
44
43
41
39
35
34
33
32
30
29
26
25
24
21
yep
76by 95bx
complete
129
128
127
126
125
123
122
118
117
115
113
112
110
108
106
105
103
102
101
98
97
94
93
91
89
84
83
82
81
79
77
76
74
71
70
53
50
49
48
47
46
45
43
40
39
38
36
33
32
29
28
27
26
yep
60by 92bx
complete
125
124
123
122
121
117
116
114
112
111
109
108
105
104
102
101
100
99
94
92
91
89
86
85
83
82
81
80
78
77
75
73
71
70
69
67
66
64
62
60
58
57
56
53
52
50
49
46
45
44
42
39
38
36
33
29
28
yep
70by 80bx
complete
139
135
134
133
132
131
130
127
126
123
121
119
118
116
114
113
110
106
105
102
101
99
97
96
94
90
85
83
82
81
80
78
74
58
57
56
54
53
50
48
47
46
45
43
41
40
37
35
33
32
31
yep
57by 87bx
complete
129
128
127
126
125
124
122
118
117
116
114
112
110
109
107
105
104
103
102
101
97
93
92
90
88
85
84
81
76
74
72
71
69
65
49
48
47
46
45
44
43
41
39
38
37
36
35
33
30
28
27
24
23
20
19
18
17
16
14
13
yep
79by 83bx
complete
126
122
121
120
119
117
114
113
112
111
110
107
102
100
99
98
97
96
92
88
85
83
80
79
76
71
69
68
67
66
64
60
51
48
46
45
44
43
42
41
39
36
34
33
30
25
23
21
20
18
yep
74by 83bx
complete
150
149
144
143
142
141
140
139
136
134
132
131
127
126
122
117
116
114
112
110
109
105
104
102
100
97
96
95
91
90
85
84
67
65
64
63
62
61
59
58
56
54
52
48
47
42
41
yep
59by 90bx
complete
139
134
133
132
131
130
129
126
125
124
122
120
118
117
115
113
111
110
109
105
104
101
98
96
93
92
89
84
82
80
79
77
73
57
56
55
54
53
52
51
49
47
46
45
44
43
42
41
40
38
36
34
33
32
yep
64by 92bx
complete
148
147
146
145
144
143
141
137
136
135
133
131
129
128
126
124
123
122
121
120
116
112
111
109
107
104
103
100
95
93
91
90
88
84
68
67
66
65
64
63
62
60
58
57
56
55
54
53
52
51
50
48
47
46
45
44
42
41
37
34
33
32
31
30
yep
75by 89bx
complete
118
117
116
115
114
113
112
110
107
106
105
104
103
100
95
93
92
91
90
89
85
81
78
76
73
72
69
64
62
61
60
59
57
53
49
48
45
44
43
42
41
40
38
36
34
33
31
30
28
26
20
19
18
16
15
14
12
11
yep
80by 76bx
complete
144
139
138
137
136
134
131
129
127
126
122
121
117
116
112
111
109
108
107
105
104
100
99
97
95
92
91
90
86
85
80
79
62
60
59
58
57
56
52
50
49
48
47
46
45
44
43
41
40
37
yep
60by 86bx
complete
123
115
114
113
112
109
107
105
104
100
99
95
94
90
89
87
86
85
83
82
78
77
75
73
70
69
68
64
63
58
57
40
39
38
37
36
31
30
26
21
19
17
16
yep
68by 83bx
complete
151
141
140
139
138
137
136
135
134
129
124
122
119
118
114
113
110
107
105
102
101
98
93
91
90
89
88
86
82
68
67
66
65
64
63
57
56
55
54
53
51
48
45
44
yep
78by 66bx
complete
152
151
146
144
143
142
141
140
138
134
133
131
129
128
126
123
122
120
119
118
117
115
113
109
102
100
99
98
97
95
92
90
88
87
86
69
68
66
65
64
59
56
53
52
50
49
48
46
45
44
43
yep
79by 69bx
complete
125
124
123
122
121
120
119
118
117
113
109
108
106
104
103
101
100
98
97
95
94
93
92
91
90
89
88
87
86
84
83
82
81
78
77
75
74
73
72
70
69
67
65
64
63
62
60
59
57
55
54
53
52
51
50
49
48
46
45
44
43
42
40
39
38
37
36
35
34
32
31
29
28
27
26
25
24
23
22
21
20
yep
76by 64bx
complete
143
140
139
138
137
135
131
130
129
127
125
123
122
120
118
117
116
115
114
110
106
105
103
101
98
97
94
89
87
85
84
82
78
62
61
60
59
58
57
56
54
52
51
50
49
48
47
46
45
43
39
38
36
31
30
yep
59by 89bx
complete
130
129
128
127
126
125
124
123
122
118
114
113
111
109
108
106
105
103
102
100
99
98
97
96
95
94
93
92
91
89
88
87
86
83
82
80
79
78
77
75
74
72
70
68
67
66
59
56
54
52
50
49
48
44
42
38
33
31
28
27
26
25
23
22
21
20
19
18
yep
79by 85bx
complete
159
153
152
151
150
148
145
143
141
140
136
135
131
130
126
125
123
122
121
119
118
114
113
111
109
106
105
104
100
99
94
93
76
74
73
72
71
70
66
64
63
62
61
60
59
58
57
56
55
53
51
yep
60by 71bx
complete
128
126
125
124
123
122
120
116
115
114
112
110
108
107
105
103
102
101
100
99
95
91
90
88
86
83
82
79
74
72
70
69
67
63
47
46
45
44
43
42
41
39
37
36
35
34
33
32
31
30
29
28
27
26
25
24
23
22
12
yep
73by 91bx
complete
102
97
96
95
94
93
92
89
88
85
83
81
80
78
76
75
72
68
67
64
63
61
59
58
56
52
47
45
44
43
42
40
37
36
35
34
32
30
29
26
25
24
21
20
19
18
17
16
14
13
12
11
10
9
6
5
4
3
yep
81by 67bx
complete
111
109
108
107
106
105
103
99
98
97
95
93
91
90
88
86
85
84
83
82
78
74
73
71
69
66
65
62
58
56
54
53
52
49
48
47
45
44
43
41
40
38
37
34
32
29
27
26
25
22
21
20
18
15
13
12
11
yep
83by 62bx
complete
136
134
132
131
130
129
128
127
124
123
120
118
116
115
113
111
110
107
103
102
99
98
96
94
93
91
87
82
80
79
78
77
75
71
55
54
53
52
50
49
47
45
44
43
41
40
38
36
35
34
33
32
31
29
25
24
yep
72by 83bx
complete
151
145
144
143
142
141
140
138
136
134
133
129
128
124
123
119
118
116
115
114
112
107
104
102
99
98
97
93
92
87
86
69
67
66
59
57
53
52
51
50
48
46
yep
51by 91bx
complete
131
125
124
123
122
121
120
117
116
114
112
110
109
107
105
103
101
100
97
93
89
88
86
84
76
74
71
69
65
49
48
47
45
44
43
42
41
40
39
38
37
35
34
33
31
28
27
26
yep
62by 88bx
complete
101
98
97
96
95
94
89
88
85
84
83
82
80
79
78
77
76
75
73
72
71
70
69
68
67
66
65
63
62
61
60
59
58
57
56
55
52
48
47
45
43
41
39
38
37
36
35
32
30
27
25
22
16
15
14
13
12
11
9
7
yep
87by 62bx
complete
147
146
142
141
140
139
138
137
136
133
129
128
126
124
123
121
120
119
118
117
115
114
113
112
111
109
108
106
104
103
101
98
97
95
94
93
92
90
89
87
85
83
82
81
64
63
62
61
60
59
57
54
53
52
50
49
48
46
44
43
42
41
40
yep
58by 90bx
complete
154
146
145
144
143
142
140
136
135
133
131
130
128
125
124
122
121
120
119
117
115
111
104
102
101
100
99
97
94
92
90
89
88
71
68
61
58
55
54
51
50
48
yep
63by 80bx
complete
115
114
113
112
111
110
109
108
106
103
101
99
98
94
93
89
88
87
84
83
81
80
79
77
76
75
72
71
69
67
64
63
62
58
57
52
51
48
46
44
40
39
37
36
33
30
27
26
25
24
18
15
13
11
10
yep
81by 70bx
complete
100
97
95
94
93
92
91
90
87
83
82
80
78
77
75
74
73
71
69
68
67
66
65
64
63
62
60
59
58
55
51
48
47
45
43
41
39
37
36
35
34
32
30
27
25
22
21
16
15
14
13
12
11
yep
88by 65bx
complete
154
150
149
148
147
145
142
141
140
139
138
135
130
128
127
126
125
124
120
116
113
111
108
107
104
99
97
96
95
94
92
88
73
72
71
70
69
68
67
66
64
63
62
61
60
59
58
56
55
53
52
51
yep
66by 74bx
complete
134
133
126
125
124
123
122
120
118
116
114
113
109
108
106
103
100
99
98
97
95
94
93
89
82
79
78
77
75
72
70
68
67
66
52
49
46
45
44
43
41
40
39
38
37
36
34
31
30
29
yep
75by 71bx
complete
131
130
129
128
127
126
124
120
119
118
116
114
112
111
109
107
106
105
104
103
99
95
94
92
90
87
86
83
78
76
74
73
71
67
51
50
49
48
47
46
45
43
41
40
39
38
36
35
31
30
29
28
27
26
25
22
21
18
yep
74by 90bx
complete
131
130
126
125
124
123
121
118
116
114
113
109
108
104
103
99
98
96
95
94
92
91
87
86
84
82
79
78
77
73
72
67
66
63
61
57
56
54
53
52
49
45
44
41
40
36
35
31
30
29
28
27
26
25
yep
87by 60bx
complete
67
66
59
58
57
56
54
53
51
49
48
44
43
37
36
34
33
31
29
27
25
20
19
14
13
12
11
5
4
3
yep
46by 61bx
complete
161
160
159
158
157
156
155
153
150
149
148
147
146
143
138
136
135
134
133
132
128
124
121
119
116
115
112
107
105
104
103
102
100
96
81
80
79
78
77
76
75
74
72
71
70
69
68
67
66
64
63
61
60
59
54
49
yep
51by 96bx
complete
114
110
109
108
107
106
105
104
101
100
99
97
95
93
92
90
88
86
85
84
80
79
76
73
71
68
67
64
59
57
55
54
52
47
46
45
44
43
42
38
37
36
35
33
30
29
26
25
23
22
18
17
yep
77by 67bx
complete
115
111
110
109
108
107
106
105
102
101
100
98
96
94
93
91
89
87
86
85
81
80
77
74
72
69
68
65
62
57
56
54
52
51
50
49
45
44
43
42
41
40
39
37
34
29
26
25
24
23
yep
72by 60bx
complete
113
112
111
110
109
108
105
101
100
98
96
95
93
92
91
89
87
86
85
84
83
82
81
80
78
76
75
73
70
69
67
61
60
59
57
56
55
54
51
50
48
45
44
43
41
34
33
31
29
28
27
26
22
19
yep
75by 61bx
complete
99
98
97
96
95
93
92
90
87
85
83
82
78
77
73
72
71
68
66
63
62
58
57
53
49
45
41
40
39
36
33
30
29
28
26
24
23
21
20
19
yep
80by 63bx
complete
129
121
120
119
118
115
111
110
108
106
105
103
102
101
99
97
96
95
94
93
92
91
90
88
86
85
83
80
79
77
76
75
74
72
71
69
67
65
64
63
48
47
43
42
37
35
34
30
27
26
25
24
yep
64by 84bx
complete
125
122
121
120
119
118
117
116
112
111
108
107
106
105
103
102
101
100
98
96
95
94
93
92
91
90
89
88
87
86
85
84
83
81
80
79
78
77
76
75
74
73
72
71
70
69
66
65
64
63
62
61
60
59
58
57
55
54
53
52
51
49
48
47
46
45
44
43
42
41
39
38
37
35
33
31
27
25
24
23
22
21
yep
73by 71bx
complete
141
136
135
134
133
132
131
128
124
123
121
119
118
116
115
114
112
110
109
108
107
106
105
104
103
101
99
98
96
93
92
90
89
88
87
85
84
82
80
78
77
76
59
57
55
54
53
51
49
48
47
45
41
40
39
38
yep
64by 83bx
complete
116
108
107
106
105
102
101
100
99
98
95
90
88
87
86
85
84
80
76
73
71
68
67
64
56
55
52
51
46
45
44
42
41
40
39
38
35
33
30
29
28
27
yep
74by 53bx
complete
127
124
123
122
121
119
115
114
113
111
109
107
106
104
102
101
100
99
98
94
90
89
87
85
82
81
78
73
71
69
68
66
62
50
47
44
43
41
36
32
27
26
22
21
yep
73by 82bx
complete
108
100
99
98
97
95
94
92
90
89
85
84
78
77
75
74
72
70
68
66
61
60
59
51
48
46
44
43
41
39
38
37
36
33
31
28
26
23
21
15
yep
79by 55bx
complete
68
64
63
62
61
60
59
56
55
52
50
48
47
45
43
42
39
35
34
31
30
28
26
25
23
19
14
11
10
9
6
4
1
yep
47by 60bx
complete
97
95
94
93
92
91
89
88
87
86
83
82
81
78
76
75
73
71
68
67
64
63
62
61
60
56
43
41
40
39
38
37
34
32
29
27
22
20
19
18
yep
76by 50bx
complete
147
142
141
140
139
138
136
134
133
132
130
128
126
125
123
121
119
117
113
111
109
106
104
101
100
97
92
90
88
87
85
81
65
64
63
62
60
57
55
54
53
49
48
44
yep
53by 87bx
complete
104
100
99
98
97
95
92
91
90
89
88
85
80
78
77
76
75
74
70
66
63
61
58
57
54
52
50
49
48
44
43
42
41
40
39
38
37
36
35
34
33
31
30
27
24
23
21
20
19
18
14
yep
81by 53bx
complete
65
63
61
60
59
58
56
53
51
49
48
44
43
39
38
34
33
31
30
29
27
26
22
21
19
17
16
12
8
3
2
yep
49by 61bx
complete
144
143
142
141
140
139
137
136
135
134
131
130
129
126
124
123
122
121
119
116
115
114
112
111
109
107
106
104
99
98
95
90
87
70
68
67
60
58
57
56
55
54
53
52
51
50
49
yep
68by 60bx
complete
78
73
72
71
70
69
68
64
60
59
57
55
54
52
51
49
48
46
45
44
43
42
41
40
39
38
37
35
34
33
32
29
28
26
25
24
23
22
19
18
15
13
10
9
7
5
4
3
2
0
yep
49by 59bx
complete
92
91
90
85
84
83
82
81
78
74
73
71
70
69
66
64
63
60
50
46
43
41
40
38
36
31
25
23
22
21
yep
77by 54bx
complete
55
54
53
52
51
50
47
46
43
41
39
38
36
34
33
30
26
25
22
21
19
18
17
16
13
9
7
yep
52by 54bx
complete
141
140
139
138
136
132
131
129
127
126
124
121
120
119
118
117
116
115
113
107
100
98
97
96
95
93
90
88
86
85
84
67
64
57
54
51
50
49
48
47
yep
56by 75bx
complete
135
134
133
132
131
130
129
128
127
123
119
118
116
114
113
111
110
108
107
105
104
103
102
101
100
99
98
97
96
94
93
92
91
88
87
85
84
83
82
80
79
77
75
73
72
71
54
53
52
51
47
44
41
40
38
36
35
34
33
31
30
29
26
25
24
23
22
yep
73by 89bx
complete
109
106
104
102
100
99
97
96
95
93
90
85
82
80
79
78
77
72
69
66
52
50
49
47
46
45
42
41
39
35
30
yep
68by 51bx
complete
115
103
102
101
100
93
88
85
81
80
78
75
73
71
69
68
67
65
64
63
61
55
54
52
50
46
45
44
43
42
41
40
38
37
34
31
30
28
27
yep
61by 55bx
complete
100
99
97
96
95
94
92
88
87
85
83
82
80
77
76
74
73
72
70
63
50
47
46
43
34
31
30
29
27
yep
70by 49bx
complete
132
131
122
121
120
119
118
117
112
107
103
102
97
95
93
91
90
86
85
83
81
76
71
65
50
49
48
47
46
45
44
43
40
34
33
32
31
yep
63by 71bx
complete
124
117
116
115
114
113
110
108
106
105
101
100
96
94
91
90
88
84
83
79
78
76
74
71
70
69
65
64
59
58
55
54
51
50
49
48
46
44
37
35
34
33
32
31
30
26
25
24
yep
76by 69bx
complete
138
137
136
135
134
133
132
131
130
126
122
121
119
117
116
114
113
111
110
108
107
106
105
104
103
102
101
100
99
97
96
95
94
91
90
88
87
86
85
83
82
80
78
76
75
74
57
56
55
54
50
47
44
41
40
39
38
36
34
31
29
23
22
21
20
yep
72by 98bx
complete
91
88
87
86
85
83
79
78
77
75
73
71
70
68
66
65
64
63
62
58
54
53
51
50
46
45
43
42
38
33
32
29
28
27
26
22
13
12
11
9
7
yep
76by 51bx
complete
71
60
59
58
57
53
52
50
48
47
45
42
40
39
38
37
32
31
30
28
27
25
23
22
20
18
17
16
14
11
4
3
yep
50by 65bx
complete
102
97
96
95
94
93
92
89
88
85
83
81
80
78
76
75
72
70
69
67
62
61
57
43
42
40
39
38
36
27
26
25
yep
72by 52bx
complete
122
115
114
113
112
111
110
108
106
104
103
99
98
94
93
89
88
86
85
84
82
77
74
72
69
68
67
63
62
57
56
43
40
35
34
32
31
30
28
25
23
21
yep
70by 77bx
complete
100
99
97
96
95
94
93
92
91
90
87
83
82
80
78
77
75
74
73
71
70
69
67
65
63
62
61
60
59
47
45
42
41
40
29
27
25
24
20
yep
78by 57bx
complete
121
120
119
118
117
116
115
114
113
111
110
109
108
107
106
101
96
94
93
92
91
90
86
82
79
77
74
73
70
65
63
62
61
60
58
54
41
40
36
35
33
32
31
29
27
25
24
23
21
20
19
yep
77by 74bx
complete
107
106
104
103
102
101
100
99
98
97
94
90
89
87
85
84
82
81
80
78
76
75
74
73
72
71
70
69
68
67
66
65
64
63
60
59
58
48
47
46
43
42
32
30
29
28
27
26
25
22
yep
72by 48bx
complete
122
121
120
119
118
117
115
111
110
109
107
105
103
102
100
98
97
96
95
94
90
86
85
83
81
78
77
74
69
67
65
64
62
58
54
53
51
50
49
47
46
45
44
42
36
35
29
28
27
26
25
24
23
21
20
19
18
15
13
11
yep
76by 82bx
complete
122
118
116
115
114
113
112
110
109
108
107
105
103
101
100
98
96
95
93
88
85
84
79
78
75
72
67
65
64
63
62
60
55
54
53
52
49
48
47
46
45
41
40
39
38
37
36
33
32
31
30
29
27
yep
72by 66bx
complete
146
143
142
141
140
138
134
133
132
130
128
126
125
123
121
120
119
118
117
113
109
108
106
104
101
100
97
92
90
88
87
85
81
65
64
63
62
61
60
59
57
55
54
53
52
51
50
49
48
47
46
yep
57by 76bx
complete
108
106
97
96
95
94
92
90
89
85
83
82
80
79
77
76
73
54
51
49
46
45
36
33
31
yep
68by 47bx
complete
64
63
59
58
57
56
55
51
47
46
44
42
41
39
38
36
35
33
32
31
30
29
28
27
26
25
24
22
21
20
19
17
16
12
8
5
4
3
1
yep
41by 59bx
complete
112
111
105
104
103
102
100
99
97
96
94
89
85
83
82
81
75
71
68
66
63
62
58
53
52
51
50
49
45
41
40
38
36
33
32
28
26
25
yep
68by 57bx
complete
143
142
141
140
139
138
137
136
135
131
127
126
124
122
121
119
118
116
115
113
112
111
110
109
108
107
106
105
104
102
101
100
99
96
95
93
92
91
90
88
87
85
83
81
80
79
62
61
60
59
55
52
49
46
45
44
43
41
40
37
36
30
29
yep
71by 97bx
complete
94
92
91
90
86
85
83
82
81
78
76
74
70
69
63
50
48
45
44
43
42
27
25
yep
65by 48bx
complete
64
57
56
55
54
52
51
50
49
44
39
35
34
29
27
25
23
22
18
17
15
14
12
11
7
yep
55by 56bx
complete
155
153
151
150
149
148
147
145
143
142
140
139
137
134
132
128
127
122
120
118
116
115
111
110
108
106
101
96
90
74
73
71
70
69
68
67
64
63
61
60
59
57
56
55
54
53
yep
47by 86bx
complete
140
139
134
133
132
131
130
129
127
125
123
122
121
120
117
116
115
113
112
110
109
106
105
104
102
101
100
99
98
96
95
94
93
90
89
85
84
82
79
77
74
73
58
56
53
49
48
46
45
44
42
40
39
38
yep
53by 90bx
complete
89
88
86
85
84
83
82
80
76
75
74
72
70
68
67
65
64
62
61
60
59
58
57
53
51
50
48
47
43
41
36
34
33
31
22
21
20
16
15
14
13
11
10
yep
83by 55bx
complete
131
130
129
128
127
126
123
122
121
119
117
115
114
112
110
108
107
106
102
101
98
95
93
90
89
86
81
79
77
76
74
70
54
53
52
51
50
49
48
46
44
43
42
41
40
39
38
37
yep
56by 91bx
complete
112
111
110
109
108
107
106
104
101
100
99
98
97
94
89
87
86
85
84
83
79
75
72
70
67
66
63
58
56
54
53
52
51
45
43
40
39
38
37
36
35
32
31
30
29
28
26
25
24
23
21
20
17
16
15
yep
84by 63bx
complete
136
135
134
133
132
131
129
125
124
123
121
119
117
116
114
112
111
110
109
108
104
100
99
97
95
92
91
88
83
81
79
78
76
72
56
55
54
52
51
50
49
48
47
46
44
43
41
40
39
38
36
35
34
32
31
30
27
26
25
yep
73by 80bx
complete
101
97
96
93
91
90
88
87
86
84
80
79
77
74
73
72
71
70
68
67
62
44
42
30
29
yep
62by 49bx
complete
80
75
74
73
72
70
68
67
65
64
62
59
57
53
52
47
45
43
41
40
36
35
33
31
26
21
19
16
14
12
11
10
8
7
6
5
3
1
yep
53by 56bx
complete
90
88
87
86
81
80
79
78
76
74
72
71
67
66
65
64
63
62
61
59
58
52
33
32
31
24
22
21
yep
65by 50bx
complete
53
51
49
48
47
46
44
41
39
37
36
32
31
27
26
22
21
19
18
17
15
14
12
11
8
yep
44by 62bx
complete
99
96
94
93
92
88
87
84
83
80
79
76
74
71
68
66
65
47
46
45
34
32
31
yep
63by 47bx
complete
135
127
126
125
124
122
121
120
119
114
109
105
104
99
97
95
93
92
88
87
85
83
78
73
67
57
54
50
49
47
45
44
42
39
38
36
34
yep
64by 75bx
complete
122
120
119
118
117
116
115
114
110
106
105
103
101
100
98
97
95
94
92
91
90
89
88
87
86
85
84
83
81
80
79
78
75
74
72
71
70
69
67
66
64
62
60
59
58
56
55
53
51
49
47
46
45
44
42
41
38
36
35
34
32
30
26
25
22
yep
80by 67bx
complete
48
47
46
44
43
42
41
40
36
32
31
29
27
26
24
23
21
20
18
16
15
14
12
11
10
9
8
7
yep
40by 53bx
complete
95
94
92
91
90
89
86
85
84
82
81
80
77
76
73
72
71
70
66
45
43
36
35
34
33
yep
68by 50bx
complete
46
43
42
41
40
39
38
36
35
34
33
32
28
24
23
21
19
17
16
13
11
10
8
7
6
yep
40by 52bx
complete
136
130
129
128
127
126
125
122
118
117
115
113
112
110
109
108
106
104
103
102
101
100
99
98
97
95
93
92
90
87
86
84
83
82
81
79
78
76
74
72
71
70
68
67
65
63
61
59
58
57
56
52
51
50
47
46
45
41
40
39
yep
62by 66bx
complete
46
45
44
43
41
39
35
34
32
30
29
27
24
21
20
19
18
16
15
14
13
yep
35by 61bx
complete
105
102
100
99
98
96
95
92
91
90
87
86
85
83
82
80
79
77
76
75
74
72
71
53
52
51
39
yep
54by 43bx
complete
64
58
57
56
55
54
51
50
47
45
43
42
40
38
37
34
30
29
26
25
23
22
21
20
18
13
12
11
8
7
6
5
4
3
yep
58by 52bx
complete
96
95
93
92
91
90
89
87
83
82
81
79
77
75
74
72
71
69
68
67
66
65
64
60
58
57
50
43
40
38
37
33
32
29
28
27
26
25
23
22
21
20
18
yep
77by 47bx
complete
75
74
73
72
70
66
65
63
61
60
58
55
54
53
52
51
50
49
47
41
40
36
35
34
33
27
16
15
13
11
9
8
7
6
5
1
yep
56by 54bx
complete
96
92
90
89
88
87
86
85
81
79
78
77
76
74
73
71
68
65
64
56
45
33
yep
58by 40bx
complete
70
69
64
63
61
60
58
57
55
54
53
52
51
50
49
47
46
45
44
43
41
40
39
38
37
36
35
29
24
23
14
10
7
6
5
3
2
yep
60by 52bx
complete
98
95
94
93
92
91
90
88
87
86
85
84
80
76
75
73
71
69
68
65
63
62
60
58
53
50
46
43
37
34
33
31
30
29
27
25
22
20
yep
80by 50bx
complete
138
136
135
134
133
132
131
130
126
122
121
119
117
116
114
113
111
110
108
107
106
105
104
103
102
101
100
99
97
93
89
88
87
86
85
83
82
80
78
76
75
74
57
56
53
52
50
47
46
41
40
39
38
32
yep
60by 95bx
complete
95
89
88
87
86
85
84
82
81
78
76
74
73
71
69
68
67
65
63
62
61
60
55
54
49
48
47
38
35
31
27
25
23
22
20
16
yep
74by 58bx
complete
78
77
75
74
73
72
71
70
69
68
65
61
60
58
56
55
53
52
51
49
47
46
45
44
43
42
41
40
38
36
32
31
26
25
24
22
21
18
17
15
10
9
8
7
6
5
4
2
1
yep
62by 57bx
complete
113
110
107
105
104
99
97
96
95
93
91
89
88
86
85
84
83
82
81
80
78
77
76
75
74
73
69
66
61
58
46
43
41
40
39
38
37
36
35
yep
81by 61bx
complete
127
126
122
121
120
119
118
114
110
109
107
105
104
102
101
99
98
96
95
94
93
92
91
90
89
88
87
85
81
77
76
75
74
73
71
70
68
66
64
63
62
60
59
57
55
53
52
51
50
49
48
47
46
45
40
37
36
34
33
32
31
30
29
28
26
25
yep
73by 74bx
complete
120
113
112
111
110
109
108
106
102
101
99
97
96
94
93
92
89
88
87
86
85
84
82
79
77
73
72
68
66
65
63
62
60
53
52
51
50
45
44
43
39
38
36
35
34
33
29
28
25
24
yep
74by 61bx
complete
134
133
128
127
126
125
124
123
121
119
117
116
115
114
111
110
109
107
106
104
103
100
99
98
96
95
94
93
92
90
88
86
82
79
78
76
73
71
68
67
52
50
46
45
43
41
40
39
38
36
35
yep
64by 66bx
complete
102
99
95
94
93
92
87
85
84
83
81
79
75
73
68
67
66
57
54
52
38
yep
56by 36bx
complete
82
76
75
74
73
72
71
69
67
65
64
60
59
55
54
50
49
47
46
45
43
36
34
31
28
26
20
19
18
11
8
7
6
5
4
2
1
yep
63by 58bx
complete
88
86
85
84
80
79
76
75
72
70
68
66
62
59
58
55
47
44
28
27
yep
63by 49bx
complete
126
125
124
123
118
117
116
113
112
111
108
104
103
101
99
98
96
95
94
92
91
88
85
83
82
81
77
72
69
52
49
47
46
45
44
43
42
39
38
37
36
35
yep
53by 83bx
complete
101
98
96
95
90
89
88
84
82
81
79
78
77
75
73
67
66
63
57
56
55
46
44
yep
64by 53bx
complete
141
134
133
132
131
130
127
124
122
120
119
117
115
113
111
110
107
106
103
102
99
98
95
94
91
90
89
88
86
84
81
79
75
59
58
55
54
53
52
51
50
49
48
45
44
43
yep
48by 93bx
complete
97
94
93
92
91
89
88
86
83
82
81
80
79
77
72
70
68
66
55
53
52
47
yep
60by 50bx
complete
142
141
140
139
138
137
135
131
130
129
127
125
123
122
120
118
117
116
115
114
110
106
105
103
101
98
97
96
95
94
89
87
85
84
82
78
62
61
60
59
58
57
56
54
52
51
47
46
45
42
41
40
36
35
33
32
yep
70by 83bx
complete
87
84
81
80
79
78
77
75
74
73
72
71
67
63
62
61
60
58
57
54
52
51
49
47
42
39
35
32
25
24
23
21
20
18
17
16
14
12
11
10
yep
78by 55bx
complete
136
135
134
133
132
131
130
129
128
124
120
119
117
115
114
112
111
109
108
106
105
104
103
102
101
100
99
98
97
95
91
90
89
87
86
85
84
83
81
80
78
76
74
73
72
55
54
53
52
48
45
44
42
41
40
39
38
36
35
34
33
31
30
29
28
27
26
25
yep
78by 84bx
complete
102
101
100
99
98
97
96
95
94
90
86
85
83
81
80
78
77
75
74
72
71
70
69
68
67
66
65
64
63
61
60
59
58
57
56
54
53
48
43
42
41
40
39
37
36
35
34
30
29
27
26
25
23
22
21
20
19
18
16
14
13
11
yep
90by 65bx
complete
75
70
69
68
67
65
63
62
61
60
55
50
48
47
46
45
44
40
36
33
31
30
29
28
27
26
25
24
23
22
18
17
16
15
12
8
7
6
2
1
yep
59by 62bx
complete
102
99
98
97
95
94
93
92
91
89
85
84
83
81
79
77
76
74
73
72
71
68
66
64
63
56
49
48
47
46
43
39
37
35
34
33
31
30
28
26
25
23
yep
78by 47bx
complete
86
77
76
75
74
72
70
68
67
66
65
62
61
60
58
57
55
54
51
50
49
47
46
45
44
43
41
39
37
33
30
29
27
23
22
21
19
16
14
13
11
10
9
8
4
2
1
yep
61by 62bx
complete
102
101
100
96
95
91
90
88
87
84
82
81
80
77
74
73
72
70
69
68
67
66
46
yep
57by 45bx
complete
52
51
49
48
46
45
44
43
42
41
38
34
33
31
29
28
27
26
25
21
15
11
10
8
7
yep
52by 49bx
complete
101
100
99
98
97
96
94
90
89
88
86
84
82
81
79
77
76
75
74
73
69
67
65
64
63
62
61
60
58
57
56
49
44
41
40
39
37
35
33
31
30
28
25
24
20
18
yep
81by 57bx
complete
92
83
82
81
80
78
76
75
71
70
64
61
60
58
56
54
52
47
45
43
42
41
39
34
29
28
22
18
17
16
15
13
12
10
9
7
4
3
2
yep
66by 65bx
complete
113
112
108
106
105
104
103
102
99
95
94
92
90
89
87
86
85
84
83
82
78
74
61
59
58
57
55
54
53
52
46
45
43
42
37
yep
61by 49bx
complete
74
72
70
69
68
67
66
65
62
61
58
56
54
53
51
49
48
45
41
40
37
36
34
32
31
29
28
20
19
14
12
9
6
4
yep
66by 62bx
complete
105
102
99
96
94
93
90
88
87
86
84
83
82
80
76
75
74
73
72
71
69
67
66
59
46
45
44
39
36
32
30
29
27
yep
74by 45bx
complete
86
85
82
78
77
76
75
72
68
67
65
63
62
60
59
58
56
55
54
48
34
33
32
19
15
yep
67by 53bx
complete
109
106
103
101
100
95
94
93
89
87
86
83
82
80
78
76
74
72
71
70
69
53
46
43
42
38
37
36
34
32
yep
73by 44bx
complete
158
155
154
153
152
151
146
145
142
141
140
139
137
136
135
134
133
132
130
129
128
127
126
125
124
123
122
120
119
118
117
113
112
111
110
109
108
107
106
105
104
103
100
99
98
97
96
95
94
77
76
75
74
73
72
71
70
67
66
65
64
63
62
61
60
59
58
57
56
55
51
50
yep
49by 93bx
complete
115
111
110
109
108
107
106
104
102
101
100
98
96
94
93
91
89
87
85
81
79
77
76
75
74
73
71
64
63
62
55
50
48
47
40
39
38
yep
59by 48bx
complete
78
77
75
74
73
72
71
70
69
68
65
61
60
58
56
55
53
52
51
49
47
46
45
44
43
42
41
40
38
36
32
31
26
25
22
21
19
14
13
11
8
7
6
5
3
1
yep
61by 66bx
complete
87
86
82
81
80
79
78
77
76
74
70
69
67
65
64
63
60
58
57
55
36
35
34
32
27
24
23
20
yep
66by 46bx
complete
51
49
47
45
42
41
40
38
37
33
32
30
28
27
25
24
22
21
20
7
yep
50by 47bx
complete
107
104
101
99
98
93
92
91
87
86
83
82
80
79
78
77
75
74
73
72
55
53
51
50
46
45
44
42
37
32
yep
71by 49bx
complete
40
39
32
31
30
29
28
27
26
23
21
16
12
10
9
7
2
1
yep
25by 48bx
complete
148
147
142
140
139
138
137
136
134
132
130
129
125
124
120
119
118
115
114
113
112
111
108
106
105
104
103
101
99
94
93
89
88
83
82
65
63
61
60
55
51
49
47
yep
58by 86bx
complete
84
83
82
81
80
78
75
70
67
65
57
51
49
48
47
45
44
43
42
41
39
36
33
28
26
25
24
23
21
17
16
14
11
1
yep
66by 64bx
complete
116
113
110
108
107
102
100
99
98
96
94
90
88
87
85
84
83
82
81
80
79
78
77
76
75
74
64
62
60
59
58
53
51
49
46
44
43
41
yep
78by 62bx
complete
115
113
112
110
109
108
107
106
104
103
102
101
100
97
92
89
87
86
85
79
76
75
73
72
70
69
68
67
66
65
64
63
61
58
53
50
48
47
46
45
44
43
42
39
37
36
33
32
30
28
27
25
23
22
19
18
16
yep
75by 72bx
complete
97
96
94
92
87
86
85
83
80
78
76
75
74
73
71
47
yep
43by 36bx
complete
93
87
86
85
84
83
82
80
78
76
75
71
70
66
65
61
60
59
58
57
54
52
51
50
47
44
41
39
33
32
30
22
9
8
yep
56by 56bx
bottom_left
bottom_left
complete
111
108
106
105
104
100
99
94
92
91
88
86
85
84
83
82
81
80
72
71
70
68
61
59
57
56
55
51
50
49
48
42
yep
63by 46bx
complete
142
141
140
139
138
137
136
135
134
133
132
131
129
128
127
125
124
120
119
115
114
110
109
108
107
106
105
103
102
101
100
99
96
95
94
89
88
84
83
82
81
78
77
60
59
58
57
56
54
50
49
47
46
44
43
41
39
37
yep
72by 80bx
complete
115
112
109
107
106
101
100
99
95
93
92
89
87
86
84
82
80
73
72
71
70
69
62
60
58
57
52
49
48
44
42
41
yep
76by 54bx
complete
60
50
49
48
47
46
45
42
40
38
37
35
33
30
29
28
22
19
18
16
15
14
13
12
11
yep
42by 58bx
complete
125
122
119
115
111
109
107
106
101
99
95
92
91
90
89
88
87
79
78
77
76
72
66
62
61
59
58
52
51
yep
58by 45bx
complete
70
67
66
65
64
62
58
57
56
54
52
50
49
47
45
44
43
42
41
34
33
31
30
28
25
24
23
21
14
11
7
3
yep
57by 62bx
complete
90
89
88
87
85
84
81
79
78
74
72
71
69
68
66
45
44
41
38
36
yep
52by 33bx
complete
84
78
77
76
75
73
71
70
68
67
65
62
60
56
55
47
44
42
41
38
37
35
34
33
32
29
27
25
24
22
17
16
14
13
11
10
yep
63by 69bx
bottom_left
complete
74
67
65
64
63
62
60
59
58
57
56
53
48
46
43
42
35
32
29
28
27
26
25
24
23
21
17
15
14
12
10
7
4
yep
53by 68bx
complete
112
109
106
104
103
98
97
96
92
90
89
86
84
83
81
80
78
77
76
74
72
71
69
59
57
55
54
53
51
50
49
47
46
41
39
yep
81by 59bx
complete
73
72
70
69
68
65
64
62
60
56
55
53
51
50
48
45
42
41
37
35
34
29
28
27
21
20
19
16
6
yep
58by 51bx
complete
120
117
114
112
111
110
106
105
104
100
98
97
94
92
91
89
88
78
77
73
69
67
64
yep
46by 42bx
complete
59
58
57
56
55
54
53
52
50
47
45
43
42
38
37
33
32
31
28
27
26
24
21
20
18
17
16
15
11
9
8
7
6
1
yep
51by 53bx
complete
103
100
97
95
94
89
88
87
83
81
80
77
75
74
72
70
68
67
66
65
64
62
60
59
50
48
46
43
41
40
37
36
32
31
30
29
yep
80by 55bx
complete
51
48
45
44
43
42
41
39
38
37
36
35
31
27
26
25
24
22
21
18
16
15
13
2
1
yep
45by 48bx
complete
115
104
102
99
96
94
93
92
90
89
87
85
83
82
81
80
77
74
73
59
57
yep
38by 42bx
complete
84
80
79
77
76
74
71
70
69
68
67
64
59
57
56
55
54
53
46
43
42
40
38
37
36
35
34
33
30
28
26
25
19
18
15
11
10
8
yep
60by 67bx
complete
129
128
127
126
125
122
118
117
115
113
112
110
109
108
107
104
103
102
101
100
99
98
97
96
95
94
93
92
89
83
82
81
79
78
76
74
72
71
70
53
51
50
46
45
44
43
41
39
37
yep
55by 78bx
complete
75
66
65
64
63
62
61
58
57
56
53
52
51
48
46
45
44
41
40
39
38
33
32
29
28
26
24
23
22
21
17
14
13
yep
51by 60bx
complete
114
111
108
106
105
100
98
97
96
94
92
88
86
85
83
82
81
80
79
78
77
68
67
66
63
62
61
60
59
57
53
yep
53by 42bx
complete
45
43
39
38
37
36
34
32
31
29
28
26
23
21
20
18
13
10
9
8
7
yep
41by 42bx
complete
132
131
127
126
125
124
123
122
121
118
114
113
111
109
108
106
105
104
103
102
100
99
98
97
96
95
94
93
92
91
90
89
88
85
84
79
78
77
75
74
72
70
68
67
66
55
52
51
49
48
47
46
45
41
39
37
36
34
33
yep
63by 83bx
complete
143
142
137
136
135
134
133
132
130
128
126
125
121
120
116
115
111
110
109
108
107
104
102
101
100
97
95
90
89
85
84
79
78
61
59
58
51
48
47
44
42
yep
43by 93bx
complete
130
129
128
127
126
125
123
119
118
117
115
113
111
110
108
106
105
104
103
102
95
94
92
91
89
86
85
84
83
82
77
75
73
72
70
66
60
57
55
54
53
52
51
50
49
46
44
42
40
39
37
36
35
34
33
32
31
30
29
28
24
23
22
yep
77by 83bx
complete
132
130
128
127
126
125
124
123
120
119
116
114
112
111
109
107
106
103
96
93
92
91
90
87
86
82
78
76
75
74
73
71
67
51
50
49
48
46
45
43
40
39
38
37
36
35
34
yep
71by 75bx
complete
130
123
122
121
120
119
118
117
116
115
113
110
105
103
102
101
99
92
89
88
87
86
84
83
82
74
72
70
69
67
63
59
56
54
53
52
48
46
45
43
42
41
39
38
yep
62by 78bx
complete
81
80
79
78
77
76
74
70
69
68
66
64
62
61
59
57
56
55
54
53
52
50
49
47
45
44
43
42
41
40
38
37
36
35
33
32
29
26
21
20
19
15
14
10
9
8
7
5
4
0
yep
78by 48bx
complete
99
98
95
93
92
91
90
88
86
82
81
79
77
76
74
71
68
67
66
65
64
63
62
61
60
59
57
56
55
53
51
49
42
40
35
32
yep
60by 53bx
complete
141
132
131
130
128
127
126
125
120
115
111
110
102
99
97
96
94
93
92
90
89
88
87
84
79
73
58
57
56
55
54
53
52
48
45
44
43
yep
59by 73bx
complete
106
103
98
96
95
93
90
88
87
86
85
82
80
79
72
70
69
68
yep
59by 64bx
complete
130
125
124
123
122
120
117
116
115
114
113
110
105
103
102
101
100
99
92
89
88
86
84
83
82
81
80
79
74
72
71
70
69
67
63
52
49
48
46
43
40
38
36
35
34
yep
60by 73bx
complete
98
97
96
95
92
91
90
89
88
87
86
84
83
82
81
80
77
74
73
71
58
57
56
55
yep
58by 73bx
complete
39
35
34
33
32
31
30
29
28
26
25
22
20
18
17
15
13
12
11
9
6
5
4
3
2
1
yep
28by 46bx
bottom_left
complete
43
41
39
37
34
33
32
31
27
23
22
20
19
8
7
yep
43by 42bx
complete
119
116
113
111
110
105
104
103
99
97
96
93
91
90
88
86
84
82
73
71
70
68
66
64
62
61
59
55
53
52
48
47
46
yep
84by 64bx
complete
87
84
81
79
78
77
76
75
73
71
70
69
65
61
60
59
58
57
54
52
51
49
42
40
38
37
36
35
34
32
31
29
28
27
26
25
24
23
22
21
20
16
15
yep
61by 46bx
complete
112
109
106
104
103
98
96
95
94
92
90
86
84
83
81
80
79
78
77
76
75
64
62
yep
42by 38bx
complete
85
83
82
81
80
79
77
75
74
73
71
70
69
67
66
65
62
61
60
59
58
46
44
41
40
yep
42by 40bx
complete
107
104
102
96
94
93
92
90
88
84
82
79
78
77
76
75
74
73
72
71
70
69
68
67
66
59
58
52
49
48
yep
55by 42bx
complete
144
140
139
138
137
136
135
131
127
126
124
122
121
119
118
116
115
113
112
111
110
109
108
107
106
105
104
103
102
98
94
93
92
91
90
88
87
85
83
81
80
79
62
60
59
55
52
50
49
48
45
44
yep
49by 91bx
complete
132
128
127
126
125
124
123
120
119
116
114
112
111
109
107
106
103
96
93
92
91
90
87
86
82
78
76
75
74
73
71
67
65
64
63
62
60
59
58
56
55
52
51
49
47
45
40
39
38
37
36
yep
80by 65bx
complete
86
85
84
83
82
81
78
77
74
72
70
69
67
65
64
61
57
56
55
53
52
45
44
38
yep
54by 55bx
complete
99
98
97
95
94
93
92
91
89
87
85
84
83
82
79
78
77
74
73
71
70
69
63
62
61
55
50
49
48
42
35
yep
69by 58bx
complete
113
107
106
105
104
102
100
96
95
93
91
90
88
85
82
81
80
79
78
77
76
75
74
73
71
70
67
64
63
62
60
59
57
56
54
51
49
42
41
39
37
yep
60by 70bx
complete
88
87
86
84
83
82
81
80
79
76
75
72
70
68
67
66
64
63
60
58
56
55
53
51
50
39
36
29
28
23
19
yep
68by 47bx
complete
36
35
34
32
31
30
29
28
27
26
22
18
17
15
13
12
11
9
7
6
3
2
1
yep
35by 44bx
complete
121
111
109
106
103
101
100
99
97
95
94
91
89
88
86
85
84
83
82
81
74
73
69
68
67
yep
32by 26bx
complete
61
60
58
57
56
55
54
53
52
51
48
44
43
41
39
38
36
35
34
32
30
29
28
27
26
25
24
23
22
20
19
18
16
15
14
10
7
yep
51by 67bx
complete
111
109
108
107
103
102
97
95
94
91
89
88
87
85
84
83
79
75
66
63
59
58
yep
36by 26bx
complete
41
38
35
33
32
27
26
25
21
20
19
18
17
16
15
13
11
10
9
8
7
yep
23by 39bx
bottom_left
complete
51
50
44
42
40
37
35
34
33
32
29
28
25
24
23
22
8
yep
34by 41bx
complete
114
110
108
106
100
98
94
90
89
87
86
78
77
76
75
74
73
68
66
65
yep
32by 27bx
complete
81
75
74
73
72
70
68
66
65
64
63
60
59
58
55
53
52
51
48
47
46
45
39
38
35
33
32
31
30
29
28
27
24
21
20
16
14
13
9
8
7
6
yep
60by 66bx
complete
99
96
94
93
92
88
87
82
80
79
76
74
73
72
71
70
69
68
66
63
60
59
51
44
39
yep
74by 62bx
complete
82
78
77
73
70
69
68
67
63
59
58
56
55
54
48
45
44
43
yep
52by 65bx
complete
120
119
117
116
115
114
113
112
111
110
107
103
102
100
98
97
95
94
93
91
89
88
87
86
85
84
83
82
81
79
78
77
75
74
73
69
66
65
63
56
55
52
50
45
44
43
42
41
35
34
yep
66by 61bx
complete
67
65
64
63
62
61
60
59
55
51
50
48
46
45
43
42
40
39
37
36
35
34
33
32
31
30
29
28
27
26
22
18
17
16
15
14
12
11
9
7
5
4
0
yep
46by 62bx
complete
121
119
118
113
112
111
107
105
104
101
99
98
96
92
81
80
74
70
67
yep
29by 22bx
complete
78
75
72
70
69
64
62
61
60
58
55
53
52
50
47
46
43
31
30
28
21
16
yep
55by 43bx
bottom_left
complete
128
121
120
119
118
117
116
115
113
111
109
108
104
103
99
98
94
93
92
91
90
87
85
84
83
80
78
73
72
68
67
62
61
48
46
41
39
38
36
34
33
yep
52by 84bx
bottom_left
complete
47
39
38
37
36
35
34
32
31
28
26
24
23
21
19
18
17
16
15
8
5
4
3
yep
29by 48bx
complete
121
117
116
115
114
113
112
111
108
107
106
104
102
100
99
97
95
93
92
91
84
83
82
81
80
78
76
75
74
73
72
71
66
62
61
58
57
55
53
51
48
37
35
30
yep
71by 63bx
complete
121
119
117
116
115
114
112
109
107
105
104
100
99
95
94
90
89
88
87
86
84
82
81
80
76
74
73
72
71
70
69
68
64
63
58
57
54
52
50
48
47
46
44
43
41
39
37
33
32
31
yep
59by 75bx
complete
121
118
115
112
110
109
104
102
101
100
98
96
92
90
89
87
86
85
84
83
82
81
75
74
73
72
71
68
66
65
62
61
60
59
56
yep
38by 19bx
complete
104
97
96
95
94
92
90
89
87
86
84
81
79
75
74
66
65
64
60
56
54
53
52
51
48
43
39
34
31
29
28
27
25
23
yep
48by 68bx
bottom_left
complete
38
37
36
34
33
32
31
30
29
28
24
20
19
17
15
14
13
11
10
5
2
yep
36by 44bx
complete
109
106
103
101
100
95
94
93
89
87
86
85
84
82
81
80
79
78
77
76
75
74
72
71
70
58
57
56
55
54
52
51
49
48
45
43
42
38
37
36
yep
89by 68bx
complete
45
42
36
34
32
31
30
26
25
24
20
19
17
16
15
14
yep
26by 54bx
complete
153
152
151
150
149
148
146
142
141
140
138
136
134
133
131
129
128
127
126
125
118
117
116
115
114
112
110
109
108
107
106
105
100
98
96
95
93
89
73
72
71
70
69
68
67
65
63
62
58
57
56
55
51
47
46
45
yep
83by 5bx
complete
85
82
79
77
76
71
70
69
65
64
62
61
59
58
57
55
53
51
50
49
48
47
36
33
20
yep
61by 47bx
complete
102
99
95
94
91
89
88
87
81
79
75
74
72
67
66
65
64
62
58
57
56
55
54
52
51
50
45
yep
50by 37bx
complete
69
66
63
62
60
58
57
56
55
54
53
52
49
48
47
45
44
43
42
37
32
30
29
27
26
24
23
21
20
19
17
16
14
13
12
11
8
6
2
1
yep
66by 41bx
complete
115
108
107
106
105
103
101
100
99
97
95
93
92
90
88
86
84
79
78
77
74
73
71
70
68
67
66
65
64
yep
54by 75bx
complete
41
38
37
36
35
33
29
26
25
24
22
21
20
19
16
yep
39by 27bx
complete
99
98
97
96
95
94
92
88
87
86
84
82
80
79
77
75
74
73
72
71
70
68
67
65
63
62
61
59
58
56
54
53
51
50
48
44
39
38
37
33
32
28
27
26
25
23
21
yep
87by 67bx
complete
76
71
70
69
68
67
65
64
63
62
57
52
48
47
38
37
33
32
31
29
27
26
25
24
21
16
10
5
4
3
2
0
yep
51by 62bx
complete
126
125
124
123
122
121
120
119
117
114
112
110
109
105
104
100
99
95
94
93
92
91
89
87
86
85
84
83
81
79
78
77
76
75
74
73
69
68
63
62
59
57
55
53
51
50
48
46
42
41
40
39
37
35
32
31
30
yep
71by 71bx
complete
142
138
137
136
135
134
133
132
129
128
127
125
123
121
120
118
116
114
113
112
105
104
103
102
101
99
97
96
95
94
93
92
87
85
83
82
80
76
68
65
64
63
62
60
58
57
54
51
50
48
47
46
yep
57by 74bx
complete
107
104
101
99
98
97
96
95
93
89
88
87
83
81
80
79
78
77
74
72
70
69
64
62
61
60
59
58
57
56
55
54
52
51
50
49
48
46
45
44
43
41
38
36
35
yep
68by 51bx
complete
141
140
138
137
136
135
134
133
132
131
128
124
123
121
119
118
116
115
114
112
110
109
108
107
106
105
103
100
99
97
96
95
94
89
88
87
85
84
82
80
78
77
76
59
58
57
56
55
52
49
47
46
45
42
yep
47by 84bx
bottom_left
complete
86
83
80
78
77
76
75
74
71
68
67
66
65
64
63
62
61
60
58
57
56
45
yep
26by 40bx
complete
128
125
123
122
117
115
114
113
111
109
105
103
102
100
99
98
97
96
95
94
80
79
78
77
74
72
71
66
yep
32by 16bx
complete
44
37
36
35
34
33
32
31
30
29
28
23
18
16
15
12
5
yep
23by 45bx
complete
118
115
113
112
111
107
106
101
99
98
95
93
92
91
90
89
88
80
75
71
70
67
65
61
60
59
58
57
55
yep
43by 27bx
complete
65
62
59
55
51
49
48
47
44
43
42
39
37
31
29
26
25
24
yep
45by 25bx
complete
112
109
106
103
101
100
95
93
92
91
89
87
85
84
83
82
81
80
79
77
76
74
73
72
71
70
69
60
59
58
57
56
53
52
50
48
46
45
43
39
yep
61by 44bx
complete
85
77
76
75
74
73
71
69
68
67
66
63
62
61
58
56
54
51
50
49
48
46
44
42
39
37
36
35
34
33
32
31
30
27
22
19
16
14
12
10
8
7
yep
54by 59bx
complete
129
126
123
121
120
115
114
113
109
107
106
103
101
100
98
96
94
86
83
79
77
76
74
72
70
69
68
67
66
65
63
62
59
58
yep
66by 52bx
complete
61
60
59
58
57
56
53
49
48
46
44
43
41
40
39
38
37
35
34
33
32
31
30
28
25
24
22
21
20
19
14
13
12
10
9
6
yep
44by 60bx
bottom_left
complete
37
34
33
32
31
29
25
24
23
21
19
17
16
14
12
11
10
9
8
6
4
3
0
yep
34by 48bx
complete
99
96
92
88
87
86
85
82
81
80
77
76
75
72
69
65
62
61
59
yep
60by 77bx
complete
56
55
49
48
47
46
44
43
41
39
38
34
33
27
26
24
23
22
21
20
18
17
16
15
14
yep
31by 63bx
complete
102
101
100
98
97
94
93
90
87
86
84
81
80
79
77
76
74
73
72
69
68
67
66
yep
44by 30bx
complete
71
68
64
63
60
58
57
56
50
49
46
45
44
43
41
40
39
38
37
36
35
32
30
21
20
yep
49by 33bx
complete
148
139
135
134
131
129
127
126
121
119
115
112
111
110
109
108
91
88
85
83
81
79
78
77
76
75
yep
24by 17bx
complete
133
126
125
124
123
122
119
117
115
114
110
109
105
104
100
99
98
97
96
94
92
91
90
86
85
84
82
80
79
74
73
68
67
66
64
62
58
57
55
53
52
51
49
47
45
44
42
yep
54by 81bx
complete
86
85
84
83
81
80
78
75
73
71
69
68
66
65
64
62
53
51
50
49
48
yep
47by 30bx
complete
96
91
90
89
88
87
86
83
79
78
76
74
73
71
70
69
67
65
64
63
62
61
60
59
58
57
54
53
51
50
48
yep
58by 76bx
complete
119
117
116
115
111
110
105
103
102
99
97
96
95
94
78
77
75
73
72
71
70
69
67
66
65
64
60
59
58
57
55
53
52
51
yep
50by 25bx
complete
69
62
61
60
59
58
55
54
53
52
49
44
42
41
39
30
29
25
24
22
19
18
17
14
13
12
yep
50by 64bx
complete
123
120
116
112
110
108
107
102
100
96
93
92
91
90
89
88
73
72
70
68
67
66
64
62
61
57
54
50
49
yep
52by 18bx
complete
150
149
148
147
145
142
141
138
137
136
135
133
132
131
130
128
127
126
125
124
123
122
121
120
119
117
116
114
113
112
111
109
108
106
105
104
101
100
99
96
95
94
93
92
91
90
73
72
71
66
63
62
61
60
yep
42by 82bx
complete
135
132
129
127
126
121
120
119
115
113
112
109
107
106
104
103
78
76
74
71
70
69
66
64
61
60
58
56
yep
47by 24bx
complete
82
81
80
78
75
74
73
72
71
68
64
63
61
60
59
58
47
46
45
44
43
42
yep
51by 27bx
complete
90
87
85
83
81
80
79
78
76
74
73
72
71
68
67
66
65
62
61
58
56
55
54
49
48
47
45
yep
53by 29bx
complete
142
141
138
137
136
135
134
133
132
129
125
124
122
120
119
117
116
115
113
111
110
109
108
107
106
104
101
100
98
97
96
93
92
88
86
85
83
81
79
78
77
60
53
50
49
47
46
yep
50by 91bx
bottom_left
bottom_left
complete
143
141
140
139
135
134
129
127
126
123
121
120
119
117
116
92
90
84
77
74
73
71
70
69
68
67
66
yep
45by 25bx
complete
85
75
74
71
69
68
65
64
63
58
57
56
55
54
52
51
50
48
47
46
45
44
42
40
39
38
37
36
30
26
yep
55by 33bx
complete
108
105
102
100
99
94
93
92
88
86
85
82
80
79
77
76
71
70
62
61
58
55
53
52
51
50
49
48
47
44
43
41
36
35
32
30
yep
59by 28bx
complete
89
88
81
80
79
78
77
75
71
70
68
66
65
63
58
56
55
54
53
52
50
47
46
44
42
41
39
38
35
33
29
26
25
24
23
22
yep
56by 77bx
complete
138
135
131
127
125
123
122
117
115
111
108
107
106
105
104
103
84
76
73
72
70
69
68
66
64
62
61
57
56
yep
54by 23bx
complete
112
105
104
103
102
101
100
98
94
93
91
89
88
86
85
84
81
80
79
78
77
76
75
73
70
69
67
66
65
64
62
61
57
55
54
52
50
48
47
46
45
42
41
40
yep
54by 79bx
complete
126
123
121
118
115
114
112
110
107
103
101
98
95
94
93
92
91
72
70
68
67
66
63
60
58
55
54
53
52
49
47
44
43
41
yep
54by 17bx
complete
57
54
53
52
50
49
48
47
46
44
40
39
38
36
34
32
31
29
28
27
23
22
18
17
16
14
12
10
9
6
5
3
2
yep
53by 39bx
complete
113
110
108
107
102
101
100
96
94
93
90
88
87
85
84
83
67
65
63
60
59
57
56
54
52
51
50
49
44
41
39
36
34
33
32
30
29
yep
58by 22bx
complete
105
102
99
97
96
91
90
89
85
83
82
79
77
76
74
72
70
68
67
65
64
62
59
56
52
50
49
47
45
44
39
38
37
yep
49by 36bx
complete
131
128
126
125
124
120
119
114
112
111
108
106
105
104
103
102
77
75
71
70
69
65
63
59
57
54
52
48
47
43
yep
60by 18bx
complete
87
86
85
84
83
81
80
79
78
77
76
75
72
68
67
65
64
63
62
60
59
50
49
44
42
31
26
24
23
yep
70by 54bx
complete
142
141
140
139
138
137
135
131
130
129
127
125
123
122
120
118
117
116
115
114
107
106
105
104
103
101
99
97
96
93
92
91
89
87
85
84
82
78
62
61
60
59
58
57
56
53
52
51
49
48
47
46
43
42
41
40
38
37
36
35
yep
71by 84bx
complete
74
71
68
66
65
60
59
58
54
52
51
48
46
45
43
41
39
37
36
34
33
31
28
25
21
19
18
16
14
13
8
7
6
5
yep
58by 36bx
complete
129
123
121
120
119
117
115
111
109
106
105
104
103
102
101
100
80
78
72
71
70
68
66
63
62
60
57
55
51
50
49
47
46
45
43
yep
56by 19bx
complete
61
55
54
53
52
51
50
48
47
44
42
40
39
37
35
34
33
31
24
23
20
18
17
15
yep
42by 74bx
complete
114
111
109
103
101
100
99
97
95
91
89
88
87
86
85
84
83
82
81
80
78
73
71
70
68
66
63
62
61
56
54
51
49
yep
54by 20bx
complete
40
39
38
34
33
32
31
29
27
26
24
23
21
18
15
yep
22by 44bx
complete
136
133
131
125
123
122
121
119
117
113
111
108
107
106
105
104
103
102
82
80
74
73
72
71
70
69
67
66
64
62
59
57
53
52
51
49
46
45
43
yep
64by 18bx
complete
78
76
75
73
72
71
70
68
65
64
61
60
59
58
56
54
53
49
46
45
39
32
31
yep
54by 19bx
bottom_left
bottom_left
bottom_left
bottom_left
bottom_left
bottom_left
bottom_left
bottom_left
bottom_left
bottom_left
bottom_left
bottom_left
bottom_left
bottom_left
bottom_left
bottom_left
bottom_left
bottom_left
bottom_left
bottom_left
bottom_left
bottom_left
bottom_left
bottom_left
bottom_left
bottom_left
bottom_left
bottom_left
bottom_left
bottom_left
bottom_left
bottom_left
bottom_left
bottom_left
bottom_left
bottom_left
bottom_left
bottom_left
bottom_left
bottom_left
bottom_left
bottom_left
bottom_left
bottom_left
bottom_left
bottom_left
bottom_left
bottom_left
bottom_left
bottom_left
bottom_left
bottom_left
bottom_left
bottom_left
bottom_left
bottom_left
bottom_left
bottom_left
bottom_left
complete
82
78
74
72
70
69
64
62
58
55
54
53
52
51
50
48
47
46
45
44
43
42
41
40
33
32
30
29
24
22
21
18
15
14
13
10
4
yep
62by 33bx
complete
145
142
139
137
136
125
124
123
122
120
119
117
116
115
114
113
112
111
110
109
108
107
106
104
88
86
85
84
82
79
76
73
70
68
65
63
59
55
52
50
49
48
47
46
44
42
40
39
38
36
35
33
32
31
yep
84by 3bx
complete
101
99
98
93
92
91
87
85
84
83
82
81
79
78
77
76
75
73
72
71
70
69
68
64
61
59
58
54
50
49
45
44
43
yep
52by 26bx
complete
119
117
89
88
87
85
84
80
79
78
77
76
74
73
71
69
67
63
62
60
57
53
51
50
48
47
45
44
43
41
40
38
37
36
33
32
31
30
28
24
23
22
20
19
17
16
13
10
9
yep
80by 4bx
complete
98
96
87
85
82
79
77
76
75
73
71
70
67
65
64
62
61
60
59
58
57
56
55
50
45
39
36
35
34
33
30
28
27
26
23
yep
61by 27bx
complete
131
128
125
123
122
87
86
85
84
82
81
79
78
77
76
75
74
73
72
71
70
69
68
66
64
59
58
56
54
53
51
50
49
48
47
45
44
42
41
40
38
37
35
34
33
30
29
28
26
25
22
21
20
19
18
16
14
13
12
10
6
5
3
yep
83by 4bx
complete
98
89
88
87
86
85
84
83
80
78
76
75
73
71
69
66
60
59
58
56
54
52
49
48
46
43
40
38
37
35
31
29
26
25
yep
44by 69bx
complete
115
105
104
103
102
101
97
96
94
92
91
89
81
79
78
76
73
72
70
66
65
64
63
62
61
yep
52by 75bx
complete
89
86
84
78
76
75
74
72
71
69
68
67
65
64
63
62
60
59
57
56
54
50
48
46
45
44
39
38
37
35
33
31
yep
53by 21bx
complete
99
96
94
93
92
88
87
82
80
79
76
74
73
72
71
70
69
58
57
56
55
54
52
50
49
48
47
46
45
44
42
40
39
38
36
35
32
30
29
27
26
25
23
22
19
18
17
16
15
yep
67by 20bx
complete
103
100
97
95
94
89
88
87
83
81
80
77
75
74
72
71
69
67
64
62
61
59
58
56
54
53
52
51
48
47
44
42
36
33
32
31
30
29
yep
60by 28bx
complete
99
96
93
89
85
83
81
80
75
73
69
66
65
64
63
62
61
57
54
53
52
51
46
42
41
39
37
33
32
31
30
25
23
22
16
15
14
yep
69by 26bx
complete
116
108
107
106
105
104
102
101
98
96
94
93
91
89
87
83
78
77
76
74
72
70
69
68
66
64
60
59
58
57
yep
54by 83bx
complete
116
106
105
104
103
102
101
100
99
94
89
87
85
84
82
78
76
75
73
72
71
69
63
62
yep
58by 28bx
complete
57
56
55
51
50
45
43
42
39
37
36
35
32
23
22
21
20
19
17
16
15
14
11
6
5
4
yep
38by 28bx
complete
128
125
123
122
121
117
116
113
111
109
108
105
103
102
101
100
86
85
84
83
81
80
79
78
77
74
73
72
71
70
65
64
62
61
60
59
56
54
51
47
45
44
43
42
40
37
32
yep
63by 18bx
complete
80
77
75
74
69
68
67
63
61
60
59
58
56
54
52
51
49
47
46
43
42
38
35
32
28
25
24
23
19
17
16
11
10
yep
69by 21bx
complete
100
99
98
96
93
91
90
89
88
87
86
85
84
81
80
79
77
76
72
71
69
68
67
62
61
60
58
57
56
54
53
52
51
50
44
yep
71by 25bx
complete
70
67
65
64
59
58
57
53
52
51
48
46
45
43
41
40
37
36
32
29
26
22
19
18
17
13
yep
55by 35bx
complete
126
106
105
104
101
100
99
97
96
95
92
91
90
89
88
71
69
67
62
60
59
57
56
55
54
51
48
46
42
39
37
35
32
31
30
27
25
19
yep
70by 23bx
complete
48
45
43
42
40
37
35
34
33
31
28
26
25
23
21
20
19
18
yep
47by 24bx
complete
103
101
100
95
94
93
89
87
86
83
81
80
78
68
67
63
59
57
54
53
50
45
43
42
41
40
38
37
36
34
32
31
29
28
25
24
22
21
20
18
13
yep
69by 25bx
complete
63
61
60
59
57
56
54
51
50
49
48
47
44
39
37
36
35
33
31
29
23
22
18
yep
58by 35bx
complete
109
106
103
101
100
99
95
93
92
91
89
87
83
81
80
78
77
76
75
74
73
72
64
63
62
61
59
57
56
54
53
52
51
50
49
48
47
46
43
41
40
39
37
34
32
29
28
27
26
25
24
23
22
21
20
18
17
16
14
13
12
10
9
7
5
4
3
yep
80by 16bx
complete
90
87
84
80
76
74
72
71
68
67
66
65
64
63
62
61
59
58
57
55
54
53
52
51
46
44
43
42
41
36
33
32
31
30
29
25
24
23
22
21
19
18
17
yep
77by 11bx
complete
122
119
116
114
96
94
92
90
89
85
83
82
79
76
75
74
69
65
61
60
56
53
51
50
49
48
46
45
43
42
41
40
36
35
34
32
29
28
26
25
23
22
20
18
16
15
14
12
11
yep
75by 8bx
complete
99
98
89
88
87
86
84
83
80
77
75
72
71
65
64
62
60
57
55
54
53
52
51
49
48
45
yep
79by 13bx
complete
113
110
108
99
95
93
90
86
85
84
83
82
81
80
79
78
63
62
61
60
58
57
55
52
51
50
46
44
41
39
36
34
30
29
28
27
26
25
24
23
22
20
19
18
17
16
14
12
10
9
8
7
yep
76by 14bx
complete
101
98
95
93
92
87
86
85
81
79
78
75
73
72
70
69
68
59
57
56
52
48
46
44
43
39
37
36
35
34
30
29
28
27
25
24
23
22
19
18
17
15
11
9
yep
78by 8bx
complete
111
108
105
103
89
87
86
85
83
82
78
77
76
75
74
72
71
69
67
54
52
50
47
45
42
40
39
38
36
34
31
29
25
24
23
21
18
17
15
14
12
9
7
5
yep
77by 22bx
complete
45
42
40
37
34
33
31
29
26
22
20
19
16
15
14
13
12
11
10
yep
23by 30bx
complete
124
121
118
116
115
110
108
107
106
104
102
98
96
95
93
92
91
90
89
88
85
81
80
79
78
74
72
71
69
67
66
65
60
58
56
55
54
52
49
47
46
45
43
42
41
40
39
37
35
33
32
31
30
29
26
24
yep
98by 0bx
complete
99
96
93
91
90
85
84
83
79
77
76
73
71
70
68
67
60
58
57
53
49
45
44
40
38
37
36
33
32
31
30
29
27
26
24
22
19
18
14
12
11
10
9
8
6
5
3
2
yep
76by 16bx
complete
96
94
93
92
91
90
89
85
82
81
79
77
74
73
71
70
67
65
64
63
55
54
53
52
51
49
45
44
yep
59by 11bx
complete
52
49
46
43
41
40
35
33
32
31
29
27
23
21
20
18
17
16
15
14
13
10
5
4
yep
30by 32bx
complete
117
116
112
98
97
96
95
94
92
91
88
87
86
85
84
82
81
80
78
69
67
65
64
63
60
57
55
52
48
47
46
44
40
36
33
27
26
25
24
23
22
21
18
17
15
yep
68by 8bx
complete
52
49
46
44
43
38
37
36
32
30
29
26
24
23
21
20
15
14
13
9
7
yep
37by 29bx
complete
133
130
127
125
124
119
118
117
113
111
110
107
105
104
102
100
94
87
85
83
82
80
79
77
76
75
74
73
72
70
69
68
67
66
63
61
60
58
57
55
52
48
47
46
45
44
43
42
40
38
37
36
35
34
33
yep
72by 12bx
complete
110
107
104
100
98
96
94
92
91
87
85
84
80
77
76
75
74
73
71
59
58
57
54
53
52
51
48
47
46
45
44
42
40
39
36
35
30
26
25
23
22
19
17
16
13
11
10
9
8
yep
67by 15bx
complete
116
109
107
106
105
104
102
100
98
97
93
92
86
82
81
80
79
77
75
74
73
69
68
67
66
65
63
57
yep
34by 58bx
complete
76
74
72
71
68
63
62
61
58
57
56
54
52
50
48
47
46
45
42
34
33
32
31
29
28
yep
63by 17bx
complete
109
106
103
101
100
85
83
81
79
78
74
72
71
68
65
64
63
52
50
49
48
46
44
43
40
38
35
34
32
29
27
23
22
19
16
14
13
10
9
7
4
yep
73by 20bx
complete
73
66
64
63
62
61
60
59
58
55
53
51
50
48
46
44
41
35
34
33
31
29
27
24
23
21
19
18
16
15
14
13
yep
47by 75bx
complete
129
103
102
100
96
94
93
91
89
87
86
85
82
81
80
78
72
71
67
65
63
62
61
59
58
57
56
52
49
47
44
42
41
39
37
35
34
33
32
28
23
21
yep
64by 7bx
complete
93
90
88
87
82
81
80
76
74
73
70
68
67
65
57
55
54
52
51
50
49
46
43
41
40
37
36
30
29
28
27
26
24
23
21
19
18
17
13
11
9
8
7
yep
64by 21bx
complete
136
133
130
127
125
101
99
97
95
94
90
88
87
84
81
80
79
76
74
68
67
65
64
63
62
61
60
59
57
56
55
53
51
50
48
46
45
43
42
40
39
37
36
34
33
23
22
21
19
18
17
15
14
11
yep
95by 1bx
complete
91
89
85
84
83
82
81
80
79
78
75
73
71
70
66
65
63
62
61
58
52
50
47
46
44
43
42
39
38
35
33
31
30
29
28
27
yep
53by 76bx
complete
114
111
107
93
92
91
90
88
87
85
84
83
82
81
80
79
78
77
76
75
74
72
60
58
56
55
52
51
48
44
41
37
31
29
24
22
20
19
16
15
14
11
9
8
yep
71by 10bx
complete
61
58
55
52
50
49
44
42
41
40
38
36
32
30
29
27
26
25
24
23
22
21
20
18
17
14
12
11
10
5
yep
44by 30bx
complete
117
114
111
109
108
103
102
101
97
95
94
91
89
88
86
84
78
72
71
67
65
64
63
62
60
58
57
56
55
54
52
51
50
49
48
47
45
44
42
40
37
36
33
32
30
29
28
27
26
25
24
23
22
21
20
19
17
16
14
13
12
yep
77by 22bx
complete
89
88
83
82
81
80
79
78
76
74
72
71
67
66
60
56
55
54
53
51
49
48
47
43
42
41
39
37
36
35
29
yep
37by 65bx
complete
123
120
117
115
105
103
102
101
99
98
94
93
92
91
90
88
87
85
83
66
63
61
57
56
55
54
52
51
48
46
43
41
37
36
35
33
32
31
29
28
26
25
24
22
16
15
yep
78by 21bx
complete
115
114
113
112
111
110
109
107
104
103
102
101
100
97
92
90
89
88
87
86
78
77
73
71
69
68
65
63
62
60
58
56
54
52
50
46
45
43
42
40
39
36
33
32
23
21
yep
74by 63bx
complete
99
98
96
93
92
91
90
89
88
87
86
84
83
82
81
78
77
76
73
71
70
69
63
60
58
yep
68by 17bx
complete
48
45
43
42
41
37
36
31
29
28
25
24
23
22
21
19
18
17
12
10
yep
38by 28bx
complete
117
114
112
111
110
106
105
100
98
97
94
92
91
90
89
88
87
81
79
74
70
69
68
66
64
60
59
58
57
56
54
53
51
50
49
48
47
45
43
42
41
40
39
35
33
32
31
28
27
25
23
22
yep
75by 31bx
complete
48
45
44
43
41
40
39
38
37
35
31
30
29
27
25
23
22
21
18
14
13
9
8
7
5
4
yep
49by 50bx
complete
117
115
113
111
109
107
105
104
103
102
101
97
91
90
88
76
75
74
73
71
69
68
67
66
64
62
61
60
59
58
56
55
53
52
51
50
49
47
43
42
40
38
36
34
33
29
yep
67by 23bx
complete
95
92
89
87
86
81
80
79
75
73
72
69
67
66
64
63
56
55
54
49
47
46
45
42
38
36
35
32
31
30
29
28
27
25
23
22
20
16
15
14
10
9
yep
63by 16bx
complete
92
89
87
86
81
80
79
75
73
72
69
67
66
64
56
54
53
52
49
45
43
42
41
40
36
35
31
29
28
27
26
25
23
22
20
18
15
14
12
10
9
8
yep
59by 13bx
complete
103
100
97
95
94
89
88
87
83
81
80
77
75
74
72
71
64
62
61
58
54
51
50
48
47
46
41
38
36
35
33
32
28
27
26
21
16
14
yep
74by 30bx
complete
108
105
101
100
97
95
94
93
87
85
81
80
78
72
65
63
60
56
55
54
53
50
49
48
47
46
43
41
39
38
34
33
30
29
yep
55by 26bx
complete
100
97
94
91
89
88
83
81
80
79
77
75
71
69
68
66
65
64
63
62
61
58
57
56
55
53
51
50
48
47
46
44
43
41
39
38
37
35
34
32
31
30
29
28
25
24
23
22
21
20
18
16
14
yep
75by 29bx
complete
128
125
122
119
117
109
107
105
103
102
98
96
95
94
92
91
89
88
86
70
69
68
67
66
65
59
56
55
53
50
48
45
43
39
38
37
35
33
32
30
27
26
23
21
20
19
18
16
yep
79by 8bx
complete
108
105
101
83
82
81
80
78
77
75
74
73
72
71
70
69
68
67
66
65
64
62
54
48
46
42
38
35
34
33
31
30
29
25
23
18
16
14
13
10
5
3
yep
66by 13bx
complete
101
100
99
95
94
93
92
90
87
86
85
84
83
80
79
75
74
71
70
63
61
55
54
yep
49by 30bx
complete
96
93
91
89
73
72
70
66
64
63
61
59
58
57
55
54
52
51
42
40
38
35
32
31
30
28
26
24
23
22
19
17
13
9
8
6
3
yep
63by 17bx
complete
78
74
73
72
71
69
66
65
64
63
62
59
54
52
51
50
48
47
45
35
34
33
yep
43by 84bx
complete
78
72
71
70
69
68
67
65
63
61
60
56
55
49
48
47
46
44
43
42
28
yep
40by 86bx
complete
77
76
75
74
73
72
69
68
65
63
61
60
58
56
54
51
45
44
43
41
39
37
36
21
20
19
yep
34by 89bx
complete
69
68
67
66
65
64
62
58
57
56
54
52
50
49
47
45
44
43
42
40
21
20
yep
40by 94bx
complete
73
72
71
70
69
68
66
64
62
61
57
56
50
46
45
44
43
41
39
38
37
35
15
14
yep
33by 93bx
complete
71
70
69
68
67
66
65
64
63
59
55
54
52
50
49
47
46
45
44
43
42
40
39
38
16
15
14
yep
37by 97bx
complete
91
85
84
83
82
80
78
77
75
74
72
69
67
61
60
59
54
53
52
48
44
21
19
18
yep
29by 85bx
complete
74
70
69
68
67
66
65
61
57
56
54
52
51
49
48
47
46
45
44
43
42
40
39
38
11
yep
33by 96bx
complete
73
72
71
70
69
68
67
66
65
61
57
56
54
52
51
49
48
47
46
44
43
42
41
40
38
37
36
6
yep
30by 98bx
complete
84
77
76
75
74
72
71
70
68
65
60
57
55
54
53
52
51
47
46
45
41
38
36
5
4
yep
23by 95bx
complete
84
83
81
78
76
74
73
69
68
62
61
60
59
58
57
56
55
53
51
50
49
47
17
yep
25by 82bx
complete
87
82
81
80
79
78
77
74
73
70
68
66
65
63
61
59
56
13
yep
23by 86bx
complete
71
68
67
66
65
64
59
58
55
54
53
52
50
49
48
47
45
44
4
yep
26by 96bx
complete
88
82
81
80
79
77
75
71
70
68
66
65
63
61
58
57
55
54
53
52
50
16
15
14
13
12
11
yep
24by 87bx
complete
78
72
71
70
69
68
67
66
65
64
63
62
57
52
50
49
48
47
6
yep
22by 94bx
complete
89
86
85
84
83
81
77
76
75
73
71
69
68
66
64
22
21
20
19
18
17
16
15
12
10
6
5
yep
22by 95bx
complete
76
75
73
72
71
70
69
68
67
65
63
59
58
56
54
53
51
8
5
yep
23by 94bx
complete
83
82
81
80
79
78
76
72
71
70
68
66
64
63
61
17
16
15
14
13
10
yep
23by 89bx
complete
78
77
76
75
74
73
72
71
70
66
62
61
59
57
56
11
10
8
7
6
5
4
2
1
yep
24by 97bx
complete
75
74
70
67
66
65
64
63
62
60
58
57
53
52
7
6
5
yep
24by 93bx
complete
84
83
75
74
73
72
70
68
66
65
61
60
15
14
12
10
9
8
yep
24by 90bx
complete
85
80
79
78
77
76
75
72
71
68
66
64
63
61
17
16
15
14
yep
22by 86bx
complete
77
76
75
74
73
72
71
70
69
68
67
66
64
63
62
60
59
55
54
9
8
7
5
yep
24by 93bx
complete
82
81
78
76
75
74
73
72
71
69
67
65
64
60
59
14
13
yep
20by 89bx
complete
81
72
71
70
69
68
66
64
63
62
61
14
13
yep
21by 88bx
complete
82
74
73
72
71
70
68
19
18
16
15
14
12
yep
23by 87bx
complete
87
86
85
84
83
82
81
80
79
75
26
25
23
22
20
19
17
16
yep
24by 82bx
complete
87
86
85
84
83
82
81
80
79
75
26
25
23
22
20
19
17
16
15
yep
24by 83bx
complete
86
79
78
77
76
75
74
73
72
70
24
22
19
18
17
15
12
10
yep
24by 88bx
complete
86
80
79
78
77
76
75
73
24
23
21
20
19
18
16
15
yep
24by 83bx
complete
75
70
69
68
67
66
65
62
61
13
11
10
9
8
yep
24by 90bx
complete
83
78
77
76
75
74
73
70
69
21
19
18
16
12
11
yep
28by 91bx
complete
83
76
75
74
73
71
70
69
21
19
18
yep
19by 85bx
complete
85
76
75
74
73
21
20
19
yep
16by 87bx
complete
86
85
84
83
82
81
26
25
24
22
21
20
yep
24by 78bx
complete
74
69
67
66
65
64
12
11
8
yep
24by 90bx
complete
89
82
81
80
79
27
26
24
22
21
19
15
14
12
yep
29by 91bx
complete
77
69
68
67
66
15
14
13
yep
24by 85bx
complete
89
85
84
83
82
28
27
26
20
19
18
17
16
yep
25by 83bx
complete
79
78
75
74
73
72
71
17
16
15
13
12
10
9
5
yep
27by 96bx
complete
89
88
81
80
79
78
26
25
yep
20by 77bx
complete
80
79
74
73
72
71
18
15
yep
24by 83bx
complete
87
81
80
79
78
25
24
22
21
20
16
12
10
9
8
6
5
yep
28by 97bx
complete
77
76
72
71
70
69
15
13
7
yep
22by 93bx
complete
89
88
80
79
78
26
24
yep
14by 84bx
complete
74
73
72
71
23
22
21
20
yep
26by 80bx
complete
80
72
71
70
69
20
18
yep
24by 80bx
complete
84
80
79
78
77
76
75
23
22
21
20
yep
26by 80bx
complete
73
72
71
70
21
20
yep
16by 86bx
complete
91
81
80
79
78
30
29
27
24
19
18
16
yep
24by 82bx
complete
81
73
72
71
70
19
yep
12by 91bx
complete
75
68
67
66
65
17
16
15
14
13
yep
22by 87bx
complete
75
74
73
72
71
70
20
19
17
16
15
14
11
10
yep
21by 91bx
complete
82
76
75
74
26
25
24
23
22
yep
15by 85bx
complete
74
73
72
71
70
69
19
18
17
16
14
13
10
9
yep
23by 90bx
complete
82
81
80
79
78
77
26
24
23
21
20
17
16
15
12
11
9
8
7
6
0
yep
24by 98bx
complete
91
90
84
83
82
33
32
31
30
28
22
21
20
18
yep
28by 84bx
complete
79
78
70
69
68
21
20
19
18
yep
22by 82bx
complete
87
82
81
80
30
29
28
27
26
24
21
20
18
17
16
14
12
11
10
9
7
yep
27by 94bx
complete
73
71
69
68
67
66
17
16
15
14
yep
21by 87bx
complete
86
77
76
75
28
27
26
24
23
21
17
15
13
12
yep
27by 89bx
complete
80
79
73
72
71
23
22
yep
10by 90bx
complete
85
84
83
82
40
39
37
35
34
31
29
yep
26by 71bx
complete
75
68
67
66
21
20
19
18
yep
18by 86bx
complete
76
68
67
66
65
21
19
18
17
15
yep
14by 93bx
complete
73
72
71
70
69
68
20
19
17
15
12
11
8
7
yep
20by 95bx
complete
88
80
79
78
77
34
30
29
28
25
23
21
19
yep
26by 81bx
complete
77
75
73
72
71
70
24
23
21
20
19
18
yep
25by 81bx
complete
77
67
66
65
22
18
yep
9by 95bx
complete
75
68
67
66
23
22
21
20
18
yep
23by 81bx
complete
87
82
81
80
36
33
32
yep
14by 76bx
complete
87
86
82
81
80
79
78
34
33
30
29
27
26
21
19
18
16
15
10
7
6
yep
24by 92bx
complete
78
71
70
69
26
25
24
23
yep
16by 83bx
complete
88
82
81
80
35
34
33
32
yep
20by 70bx
complete
74
68
67
66
23
20
yep
8by 94bx
complete
79
78
74
73
72
71
70
27
26
25
24
23
21
19
18
13
11
yep
24by 87bx
complete
68
67
66
23
22
21
yep
10by 91bx
complete
73
72
71
70
69
24
23
20
19
18
17
16
13
12
11
yep
22by 89bx
complete
99
98
94
92
91
90
47
46
45
44
43
40
38
35
34
33
31
30
27
25
24
yep
31by 81bx
complete
87
86
79
78
77
35
34
33
32
31
28
26
23
22
21
19
18
15
13
yep
26by 87bx
complete
99
93
92
91
49
48
47
45
43
41
37
36
34
33
29
27
25
23
22
19
17
yep
28by 85bx
complete
74
71
69
68
67
23
22
21
20
18
yep
24by 80bx
complete
90
85
84
83
39
37
36
32
31
30
29
28
27
26
25
yep
38by 87bx
complete
77
76
72
71
70
26
25
24
23
22
21
20
yep
24by 78bx
complete
84
81
80
79
34
33
31
27
yep
14by 81bx
complete
78
76
75
74
73
28
27
26
25
21
20
19
18
11
yep
25by 88bx
complete
79
73
71
70
69
27
25
24
23
22
yep
28by 80bx
complete
72
71
70
25
24
23
22
21
yep
26by 79bx
complete
71
70
69
27
26
25
yep
18by 79bx
complete
78
69
68
67
66
26
25
24
22
yep
23by 77bx
complete
78
77
76
75
74
73
29
28
27
25
24
yep
26by 76bx
complete
83
82
80
79
78
77
76
75
32
31
30
29
28
yep
18by 76bx
complete
83
79
78
77
33
31
29
27
26
25
24
23
22
21
yep
38by 91bx
complete
82
76
75
74
31
30
29
27
24
23
22
yep
28by 80bx
complete
87
78
77
76
35
33
31
28
27
24
23
20
yep
28by 82bx
complete
79
34
yep
2by 86bx
complete
88
86
84
83
82
40
39
38
37
36
35
31
30
28
26
20
yep
26by 80bx
complete
81
72
71
31
30
29
27
25
24
yep
23by 75bx
complete
80
79
72
71
30
29
28
27
26
25
yep
11by 86bx
complete
82
77
76
33
32
31
29
27
24
23
yep
34by 85bx
complete
89
88
87
86
85
41
40
38
37
36
35
34
28
27
23
22
19
18
16
15
14
13
9
8
yep
23by 91bx
complete
94
88
87
45
44
43
40
39
38
37
yep
26by 63bx
complete
83
80
79
78
35
34
33
32
31
26
25
24
23
yep
36by 87bx
complete
92
84
83
44
43
42
41
40
38
37
35
34
32
31
28
26
24
23
22
yep
34by 86bx
complete
75
73
72
30
29
28
27
26
yep
16by 80bx
complete
79
74
73
72
30
29
28
27
26
yep
14by 82bx
complete
90
89
88
87
86
85
43
42
41
40
39
38
34
33
32
29
28
27
26
yep
33by 81bx
complete
81
70
69
31
30
29
28
yep
21by 73bx
complete
78
70
69
28
27
26
yep
6by 90bx
complete
70
69
28
27
26
25
yep
24by 73bx
complete
78
72
71
29
28
yep
12by 82bx
complete
76
75
69
68
27
26
25
yep
14by 83bx
complete
78
77
35
34
32
31
30
29
27
25
23
21
yep
25by 78bx
complete
89
82
81
39
37
36
35
34
33
yep
35by 76bx
complete
80
79
78
77
76
75
33
32
31
yep
18by 73bx
complete
81
71
70
69
30
yep
0by 92bx
complete
79
78
71
34
30
29
28
yep
9by 85bx
complete
78
70
35
34
31
30
29
28
27
yep
23by 72bx
complete
97
89
88
54
53
50
49
48
47
46
41
40
39
38
37
35
34
33
30
yep
26by 70bx
complete
81
76
75
74
36
33
32
31
29
26
25
23
22
20
19
yep
40by 95bx
complete
82
73
72
37
35
34
33
32
30
28
27
26
yep
24by 72bx
complete
79
70
69
32
31
29
28
yep
24by 70bx
complete
95
90
53
52
51
50
48
47
39
38
yep
24by 60bx
complete
78
77
71
33
31
29
28
yep
3by 91bx
complete
86
85
84
83
45
44
43
42
41
40
39
36
33
32
26
25
24
yep
28by 78bx
complete
81
44
42
41
40
35
30
29
23
21
yep
26by 79bx
complete
76
75
74
73
34
32
31
28
25
24
23
22
21
15
14
10
9
7
yep
26by 93bx
complete
82
81
77
76
75
37
35
32
31
30
27
18
yep
25by 81bx
complete
77
75
72
71
35
34
33
32
31
30
29
28
yep
8by 86bx
complete
71
70
69
68
67
30
29
27
26
25
20
yep
7by 95bx
complete
83
80
41
39
38
37
36
32
29
22
21
yep
26by 79bx
complete
91
90
84
83
82
46
45
44
43
42
41
40
39
38
37
yep
28by 65bx
complete
78
77
75
74
73
72
71
34
30
29
28
27
25
yep
38by 87bx
complete
77
76
73
72
71
34
33
31
30
29
28
27
26
yep
39by 87bx
complete
84
39
36
35
34
33
31
30
29
28
yep
35by 81bx
complete
80
76
74
73
36
31
28
25
23
yep
41by 92bx
complete
70
68
67
28
26
25
24
23
20
yep
19by 83bx
complete
80
72
71
35
33
32
31
29
28
yep
28by 74bx
complete
90
81
46
42
41
40
yep
19by 63bx
complete
81
80
79
75
39
37
36
34
33
yep
16by 73bx
complete
86
77
76
41
39
38
37
36
35
34
33
32
31
yep
30by 73bx
complete
81
76
75
37
32
31
30
29
28
yep
40by 86bx
complete
76
75
69
31
29
28
yep
-1by 95bx
complete
72
71
30
28
27
26
25
22
19
18
12
11
yep
19by 92bx
complete
72
68
67
30
29
27
26
25
24
yep
18by 80bx
complete
86
79
41
40
39
38
37
yep
25by 62bx
complete
79
69
33
32
31
yep
8by 83bx
complete
85
79
43
42
41
39
38
37
30
29
27
25
24
23
yep
32by 83bx
complete
91
90
88
87
85
84
83
47
46
44
43
42
yep
7by 73bx
complete
100
55
53
52
46
45
44
42
40
39
38
yep
28by 64bx
complete
78
72
36
35
34
33
32
31
yep
14by 77bx
complete
78
77
73
72
33
31
30
28
24
22
yep
40by 92bx
complete
86
85
81
41
39
38
32
yep
26by 68bx
complete
90
89
88
87
48
44
42
39
38
36
35
33
32
29
28
24
23
18
yep
25by 81bx
complete
79
74
73
72
34
33
yep
7by 82bx
complete
81
80
39
37
36
35
34
31
28
27
25
24
23
21
20
yep
23by 79bx
complete
78
70
33
31
30
yep
1by 91bx
complete
77
76
73
72
32
31
30
28
26
yep
33by 81bx
complete
78
74
73
35
34
33
32
31
27
yep
29by 76bx
complete
73
72
36
35
34
33
32
yep
20by 70bx
complete
84
83
79
78
77
39
37
36
35
29
27
26
25
23
20
yep
41by 95bx
complete
90
84
83
47
46
45
44
43
42
40
38
37
yep
41by 78bx
complete
83
82
77
76
40
39
38
37
36
yep
24by 62bx
complete
78
77
75
74
73
72
34
32
30
29
25
24
21
20
17
yep
28by 85bx
complete
74
68
30
29
yep
14by 79bx
complete
80
73
36
35
34
yep
2by 86bx
complete
77
71
33
32
yep
21by 69bx
complete
78
71
36
35
34
33
yep
17by 72bx
complete
73
72
71
31
30
28
25
yep
22by 75bx
complete
73
71
70
31
30
29
26
25
yep
28by 77bx
complete
132
89
79
78
48
47
46
45
44
43
42
yep
24by 56bx
complete
92
91
85
84
47
46
44
43
42
41
40
39
38
37
36
yep
25by 63bx
complete
68
67
30
29
28
26
yep
24by 72bx
complete
91
84
47
45
44
41
40
39
38
37
35
33
29
28
26
yep
37by 85bx
complete
71
70
69
29
28
26
yep
2by 94bx
complete
76
69
68
33
32
yep
5by 85bx
complete
75
74
73
33
32
31
yep
18by 73bx
complete
85
75
74
42
41
yep
9by 72bx
complete
78
77
76
36
35
yep
17by 70bx
complete
88
79
43
39
37
36
35
34
33
32
31
30
29
27
yep
24by 71bx
complete
81
75
74
38
37
36
35
34
33
yep
26by 67bx
complete
91
87
86
48
yep
-2by 76bx
complete
70
69
68
30
29
28
27
yep
21by 74bx
complete
83
82
81
43
42
41
40
yep
27by 61bx
complete
86
84
83
43
41
yep
14by 67bx
complete
101
95
59
58
55
53
50
49
47
46
43
42
41
yep
31by 64bx
complete
80
79
40
39
38
36
34
33
30
27
26
24
23
22
yep
23by 77bx
complete
79
75
74
37
yep
-1by 86bx
complete
77
69
68
67
66
35
34
32
yep
6by 84bx
complete
74
69
33
32
31
yep
14by 77bx
complete
82
75
40
39
38
37
36
35
34
33
yep
28by 69bx
complete
78
76
37
36
35
yep
16by 71bx
complete
74
73
70
33
32
31
29
23
yep
14by 85bx
complete
75
70
69
34
33
32
yep
24by 66bx
complete
71
70
69
31
30
yep
-1by 93bx
complete
73
68
67
66
33
32
31
yep
18by 73bx
complete
98
91
90
56
55
51
50
49
48
47
45
44
43
yep
40by 71bx
complete
94
87
86
52
51
50
49
48
yep
33by 59bx
complete
87
83
82
46
45
yep
19by 58bx
complete
92
91
90
89
49
46
45
44
41
40
38
37
35
34
26
25
24
yep
25by 75bx
complete
83
79
78
42
yep
0by 80bx
complete
71
69
67
66
32
31
30
yep
4by 88bx
complete
82
81
75
74
40
39
38
37
36
yep
38by 76bx
complete
78
77
76
75
39
35
32
31
30
27
26
24
23
21
20
16
yep
26by 84bx
complete
72
71
68
33
32
31
30
27
yep
3by 92bx
complete
76
71
36
35
yep
14by 73bx
complete
121
120
78
68
67
38
37
35
yep
24by 63bx
complete
69
68
34
33
32
yep
22by 68bx
complete
80
76
75
74
39
yep
0by 83bx
complete
76
75
73
72
71
70
36
35
34
33
32
31
24
yep
25by 75bx
complete
78
73
39
38
31
yep
23by 68bx
complete
74
70
36
35
34
yep
4by 84bx
complete
89
84
83
50
49
41
40
38
37
36
29
28
27
yep
38by 85bx
complete
78
74
40
39
38
35
yep
24by 63bx
complete
86
82
81
48
47
46
45
43
42
39
37
35
34
yep
36by 76bx
complete
74
73
72
36
35
34
33
yep
13by 76bx
complete
81
74
41
40
39
yep
24by 59bx
complete
88
85
49
48
44
41
38
36
35
34
33
31
29
yep
41by 86bx
complete
79
78
77
76
41
40
yep
14by 68bx
complete
80
79
78
42
41
yep
19by 62bx
complete
83
82
76
75
42
41
yep
4by 77bx
complete
72
67
33
32
yep
19by 71bx
complete
73
72
71
70
35
34
30
27
26
25
22
21
19
18
16
15
14
yep
32by 92bx
complete
85
80
47
46
45
44
35
33
32
31
29
28
yep
25by 71bx
complete
77
76
72
71
70
36
35
32
yep
42by 84bx
complete
73
69
68
67
33
yep
1by 88bx
complete
85
78
77
45
44
38
37
yep
24by 61bx
complete
81
78
77
75
73
42
41
40
yep
20by 62bx
complete
87
86
57
56
42
41
yep
24by 57bx
complete
78
77
76
75
40
yep
0by 82bx
complete
69
68
34
25
23
22
19
16
15
13
12
yep
20by 90bx
complete
129
128
85
46
45
yep
0by 77bx
complete
52
51
50
49
48
yep
8by 66bx
complete
70
69
38
37
36
34
yep
15by 73bx
complete
86
79
78
50
47
46
42
41
yep
36by 69bx
complete
77
76
42
33
31
30
27
24
23
22
yep
21by 79bx
complete
97
93
92
62
59
58
48
47
44
40
39
38
37
35
yep
32by 71bx
